## (position) Systeme au temps : 0.01
0 0 0
1 6.34361e-12 -0.000488938
2 6.34361e-12 -0.000488938
3 1.21327e-22 -9.35138e-15
6.34361e-12 1 -0.000488938
1 1 -0.000488938
2 1 -0.000488938
3 1 -0.000488938
6.34361e-12 2 -0.000488938
1 2 -0.000488938
2 2 -0.000488938
3 2 -0.000488938
0 3 0
1 3 -0.000488938
2 3 -0.000488938
3 3 -1.87027e-14
## (position) Systeme au temps : 0.02
0 0 0
1 8.18908e-11 -0.00194952
2 8.18908e-11 -0.00194952
3 3.61276e-11 0.000450281
8.18908e-11 1 -0.00194952
1 1 -0.00194952
2 1 -0.00194952
3 1 -0.00194952
8.18908e-11 2 -0.00194952
1 2 -0.00194952
2 2 -0.00194952
3 2 -0.00194952
0 3 0
1 3 -0.00194952
2 3 -0.00194952
3 3 0.000450281
## (position) Systeme au temps : 0.03
0 0 0
1 4.25416e-10 -0.00437246
2 4.25416e-10 -0.00437246
3 8.97469e-10 0.00224167
4.25416e-10 1 -0.00437246
1 1 -0.00437246
2 1 -0.00437246
3 1 -0.00437246
4.25416e-10 2 -0.00437246
1 2 -0.00437246
2 2 -0.00437246
3 2 -0.00437246
0 3 0
1 3 -0.00437246
2 3 -0.00437246
3 3 0.00224167
## (position) Systeme au temps : 0.04
0 0 0
1 1.37878e-09 -0.00774856
2 1.37878e-09 -0.00774856
3 8.1512e-09 0.00624454
1.37878e-09 1 -0.00774856
1 1 -0.00774856
2 1 -0.00774856
3 1 -0.00774856
1.37878e-09 2 -0.00774856
1 2 -0.00774856
2 2 -0.00774856
3 2 -0.00774856
0 3 0
1 3 -0.00774856
2 3 -0.00774856
3 3 0.00624454
## (position) Systeme au temps : 0.05
0 0 0
1 3.42123e-09 -0.0120687
2 3.42123e-09 -0.0120687
3 4.4629e-08 0.0133012
3.42123e-09 1 -0.0120687
1 1 -0.0120687
2 1 -0.0120687
3 1 -0.0120687
3.42123e-09 2 -0.0120687
1 2 -0.0120687
2 2 -0.0120687
3 2 -0.0120687
0 3 0
1 3 -0.0120687
2 3 -0.0120687
3 3 0.0133012
## (position) Systeme au temps : 0.06
0 0 0
1 7.16387e-09 -0.0173239
2 7.16388e-09 -0.0173239
3 1.78511e-07 0.0242183
7.16387e-09 1 -0.0173239
1 1 -0.0173239
2 1 -0.0173239
3 1 -0.0173239
7.16387e-09 2 -0.0173239
1 2 -0.0173239
2 2 -0.0173239
3 2 -0.0173239
0 3 0
1 3 -0.0173239
2 3 -0.0173239
3 3 0.0242183
## (position) Systeme au temps : 0.07
0 0 0
1 1.33442e-08 -0.0235052
2 1.33442e-08 -0.0235052
3 5.75677e-07 0.0397602
1.33442e-08 1 -0.0235052
1 1 -0.0235052
2 1 -0.0235052
3 0.999999 -0.0235052
1.33442e-08 2 -0.0235052
1 2 -0.0235052
2 2 -0.0235052
3 2 -0.0235052
0 3 0
1 3 -0.0235052
2 3 -0.0235052
3 3 0.0397602
## (position) Systeme au temps : 0.08
0 0 0
1 2.28205e-08 -0.0306038
2 2.28208e-08 -0.0306037
3 1.58574e-06 0.0606416
2.28205e-08 1 -0.0306038
1 1 -0.0306038
2 1 -0.0306038
3 0.999998 -0.0306037
2.28205e-08 2 -0.0306038
1 2 -0.0306038
2 2 -0.0306038
3 2 -0.0306037
0 3 0
1 3 -0.0306038
2 3 -0.0306037
3 3 0.0606416
## (position) Systeme au temps : 0.09
0 0 0
0.999999 3.65672e-08 -0.0386108
2 3.65688e-08 -0.0386107
3 3.87061e-06 0.0875219
3.65672e-08 0.999999 -0.0386108
1 1 -0.0386108
2 1 -0.0386108
3 0.999994 -0.0386104
3.65672e-08 2 -0.0386108
1 2 -0.0386108
2 2 -0.0386108
3 2 -0.0386107
0 3 0
0.999999 3 -0.0386108
2 3 -0.0386107
3 3 0.0875218
## (position) Systeme au temps : 0.1
0 0 0
0.999999 5.56688e-08 -0.0475177
2.00001 5.56776e-08 -0.0475172
2.99999 8.58176e-06 0.120999
5.56688e-08 0.999999 -0.0475177
1 1 -0.0475177
2 1 -0.0475177
3 0.999988 -0.0475165
5.56688e-08 2 -0.0475177
1 2 -0.0475177
2 2 -0.0475177
3 2.00001 -0.0475172
0 3 0
0.999999 3 -0.0475177
2.00001 3 -0.0475172
2.99999 2.99999 0.120998
## (position) Systeme au temps : 0.11
0 0 0
0.999998 8.13155e-08 -0.0573157
2.00001 8.1355e-08 -0.0573143
2.99998 1.75865e-05 0.161602
8.13155e-08 0.999998 -0.0573157
1 1 -0.0573158
2 1 -0.0573158
3 0.999976 -0.0573127
8.13155e-08 2 -0.0573157
1 2 -0.0573158
2 2 -0.0573158
3 2.00001 -0.0573143
0 3 0
0.999998 3 -0.0573157
2.00001 3 -0.0573143
2.99998 2.99998 0.161602
## (position) Systeme au temps : 0.12
0 0 0
0.999997 1.14798e-07 -0.0679965
2.00003 1.14951e-07 -0.0679929
2.99996 3.37335e-05 0.209792
1.14798e-07 0.999996 -0.0679965
1 1 -0.0679966
2 1 -0.0679966
3 0.999955 -0.0679894
1.14798e-07 2 -0.0679965
1 2 -0.0679966
2 2 -0.0679966
3 2.00003 -0.0679929
0 3 0
0.999997 3 -0.0679965
2.00003 3 -0.0679929
2.99996 2.99996 0.209791
## (position) Systeme au temps : 0.13
0 0 0
0.999994 1.57502e-07 -0.0795514
2.00005 1.58028e-07 -0.0795432
2.99993 6.11349e-05 0.265948
1.57502e-07 0.999994 -0.0795514
1 1 -0.0795516
2 1 -0.0795516
3 0.99992 -0.079536
1.57502e-07 2.00001 -0.0795514
1 2 -0.0795516
2 2 -0.0795516
3 2.00005 -0.0795432
0 3 0
0.999994 3 -0.0795514
2.00005 3 -0.0795432
2.99993 2.99993 0.265947
## (position) Systeme au temps : 0.14
0 0 0
0.999991 2.10905e-07 -0.0919722
2.00009 2.12528e-07 -0.0919546
2.99988 0.000105426 0.330373
2.10905e-07 0.999991 -0.0919722
1 1 -0.0919726
2 1 -0.0919726
3 0.999865 -0.0919407
2.10906e-07 2.00001 -0.0919722
1 2 -0.0919726
2 2 -0.0919726
3 2.00009 -0.0919546
0 3 0
0.999991 3 -0.0919722
2.00009 3 -0.0919546
2.99988 2.99988 0.33037
## (position) Systeme au temps : 0.15
0 0 0
0.999987 2.7657e-07 -0.10525
2.00015 2.81128e-07 -0.105215
2.99981 0.00017395 0.403283
2.7657e-07 0.999987 -0.10525
1 1 -0.105251
2 1 -0.105251
3 0.999782 -0.10519
2.7657e-07 2.00001 -0.10525
1 2 -0.105251
2 2 -0.105251
3 2.00015 -0.105215
0 3 0
0.999987 3 -0.10525
2.00015 3 -0.105215
2.99981 2.99981 0.403277
## (position) Systeme au temps : 0.16
0 0 0
0.999981 3.5614e-07 -0.119378
2.00024 3.67921e-07 -0.119311
2.9997 0.000275823 0.484805
3.5614e-07 0.999981 -0.119378
1 1 -0.119379
2 1 -0.119379
3 0.99966 -0.119266
3.5614e-07 2.00002 -0.119378
1 2 -0.119379
2 2 -0.119379
3 2.00024 -0.119311
0 3 0
0.999981 3 -0.119378
2.00024 3 -0.119311
2.9997 2.9997 0.484796
## (position) Systeme au temps : 0.17
0 0 0
0.999973 4.51336e-07 -0.134347
2.00037 4.79559e-07 -0.134224
2.99955 0.000421833 0.574978
4.51336e-07 0.999972 -0.134347
1 1 -0.134349
2 1 -0.134349
3 0.999488 -0.134152
4.51336e-07 2.00003 -0.134347
1 2 -0.134349
2 2 -0.134349
3 2.00037 -0.134224
0 3 0
0.999973 3 -0.134347
2.00037 3 -0.134224
2.99955 2.99955 0.574963
## (position) Systeme au temps : 0.18
0 0 0
0.999962 5.63949e-07 -0.150148
2.00055 6.27047e-07 -0.149936
2.99933 0.000624179 0.673747
5.63949e-07 0.999961 -0.150148
1 1 -0.150151
2 1 -0.150151
3 0.999254 -0.149821
5.63949e-07 2.00004 -0.150148
1 2 -0.150151
2 2 -0.150151
3 2.00055 -0.149936
0 3 0
0.999962 3 -0.150148
2.00055 3 -0.149936
2.99933 2.99933 0.673725
## (position) Systeme au temps : 0.19
0 0 0
0.999948 6.95838e-07 -0.166774
2.00079 8.28268e-07 -0.166423
2.99905 0.00089607 0.780966
6.95838e-07 0.999947 -0.166774
1 1 -0.166779
2 1 -0.166779
3 0.998943 -0.166248
6.95839e-07 2.00005 -0.166775
1 2 -0.166779
2 2 -0.166779
3 2.00079 -0.166423
0 3 0
0.999948 3 -0.166774
2.00079 3 -0.166423
2.99905 2.99905 0.780934
## (position) Systeme au temps : 0.2
0 0 0
0.99993 8.48925e-07 -0.184218
2.00112 1.11125e-06 -0.183655
2.99868 0.00125125 0.896395
8.48925e-07 0.999929 -0.184218
1 1 -0.184225
2 1 -0.184225
3 0.998543 -0.1834
8.48926e-07 2.00007 -0.184218
1 2 -0.184225
2 2 -0.184225
3 2.00111 -0.183655
0 3 0
0.99993 3 -0.184218
2.00112 3 -0.183655
2.99868 2.99868 0.89635
## (position) Systeme au temps : 0.21
0 0 0
0.999907 1.02519e-06 -0.202469
2.00153 1.51812e-06 -0.201602
2.99821 0.00170352 1.01971
1.02519e-06 0.999905 -0.202469
1 1 -0.20248
2 1 -0.20248
3 0.99804 -0.20124
1.02519e-06 2.00009 -0.202469
1 2 -0.20248
2 2 -0.20248
3 2.00153 -0.201602
0 3 0
0.999907 3 -0.202469
2.00153 3 -0.201602
2.99821 2.99821 1.01964
## (position) Systeme au temps : 0.22
0 0 0
0.999879 1.22665e-06 -0.221522
2.00205 2.10947e-06 -0.220224
2.99763 0.00226631 1.15048
1.22665e-06 0.999875 -0.221522
1 1 -0.221537
2 1 -0.221537
3 0.99742 -0.219728
1.22665e-06 2.00012 -0.221522
1 2 -0.221537
2 2 -0.221537
3 2.00205 -0.220225
0 3 0
0.999879 3 -0.221522
2.00205 3 -0.220225
2.99763 2.99763 1.15039
## (position) Systeme au temps : 0.23
0 0 0
0.999844 1.4554e-06 -0.241367
2.00269 2.96899e-06 -0.239483
2.99693 0.00295231 1.28821
1.4554e-06 0.999839 -0.241367
1 1 -0.241388
2 1 -0.241388
3 0.996672 -0.238819
1.4554e-06 2.00016 -0.241367
1 2 -0.241388
2 2 -0.241388
3 2.00268 -0.239483
0 3 0
0.999844 3 -0.241367
2.00269 3 -0.239483
2.99693 2.99693 1.2881
## (position) Systeme au temps : 0.24
0 0 0
0.999801 1.71355e-06 -0.261996
2.00346 4.20811e-06 -0.259332
2.99609 0.00377326 1.43233
1.71355e-06 0.999794 -0.261996
1 1 -0.262026
2 1 -0.262026
2.99999 0.995785 -0.258464
1.71355e-06 2.00021 -0.261996
1 2 -0.262026
2 2 -0.262026
3 2.00345 -0.259332
0 3 0
0.999801 3 -0.261996
2.00346 3 -0.259332
2.99609 2.99609 1.43219
## (position) Systeme au temps : 0.25
0 0 0
0.99975 2.00325e-06 -0.283402
2.00437 5.9704e-06 -0.279723
2.9951 0.00473978 1.58217
2.00325e-06 0.999739 -0.283402
1 1 -0.283443
2 1 -0.283443
2.99999 0.99475 -0.278614
2.00325e-06 2.00026 -0.283402
1 2 -0.283443
2 2 -0.283443
2.99999 2.00435 -0.279724
0 3 0
0.99975 3 -0.283402
2.00437 2.99999 -0.279723
2.9951 2.9951 1.58199
## (position) Systeme au temps : 0.26
0 0 0
0.999688 2.32669e-06 -0.305577
2.00543 8.43568e-06 -0.300605
2.99396 0.00586128 1.73701
2.32668e-06 0.999672 -0.305577
1 1 -0.305632
2 1 -0.305632
2.99999 0.993557 -0.299213
2.32669e-06 2.00033 -0.305577
1 2 -0.305632
2 2 -0.305632
2.99999 2.0054 -0.300606
0 3 0
0.999688 3 -0.305577
2.00543 2.99999 -0.300605
2.99396 2.99396 1.7368
## (position) Systeme au temps : 0.27
0 0 0
0.999615 2.68607e-06 -0.328511
2.00665 1.18238e-05 -0.321923
2.99265 0.00714597 1.89608
2.68605e-06 0.999593 -0.328511
1 1 -0.328585
2 1 -0.328585
2.99998 0.992199 -0.320207
2.68606e-06 2.00041 -0.328512
1 2 -0.328585
2 2 -0.328585
2.99999 2.00661 -0.321924
0 3 0
0.999615 3 -0.328511
2.00665 2.99999 -0.321924
2.99265 2.99265 1.89581
## (position) Systeme au temps : 0.28
0 0 0
0.999528 3.08362e-06 -0.352198
2.00804 1.63977e-05 -0.343623
2.99117 0.00860089 2.05852
3.08358e-06 0.999499 -0.352198
1 1 -0.352295
2 1 -0.352295
2.99998 0.990671 -0.341537
3.08359e-06 2.0005 -0.352198
1 2 -0.352295
2 2 -0.352295
2.99998 2.00799 -0.343624
0 3 0
0.999528 3 -0.352198
2.00804 2.99998 -0.343624
2.99117 2.99117 2.0582
## (position) Systeme au temps : 0.29
0 0 0
0.999428 3.52158e-06 -0.376628
2.0096 2.24669e-05 -0.365645
2.98951 0.0102319 2.22345
3.5215e-06 0.999389 -0.376628
1 1 -0.376755
2 1 -0.376755
2.99997 0.988967 -0.363145
3.52151e-06 2.00061 -0.376628
1 2 -0.376755
2 2 -0.376755
2.99998 2.00953 -0.365647
0 3 0
0.999428 3 -0.376628
2.0096 2.99998 -0.365646
2.98951 2.98951 2.22307
## (position) Systeme au temps : 0.3
0 0 0
0.999311 4.00219e-06 -0.401793
2.01133 3.03895e-05 -0.387931
2.98768 0.0120439 2.38995
4.00202e-06 0.999259 -0.401794
1 1 -0.401957
2 1 -0.401957
2.99996 0.987084 -0.384972
4.00204e-06 2.00074 -0.401794
1 2 -0.401957
2 2 -0.401957
2.99997 2.01125 -0.387933
0 3 0
0.999311 3 -0.401793
2.01133 2.99997 -0.387933
2.98768 2.98768 2.3895
## (position) Systeme au temps : 0.31
0 0 0
0.999176 4.52769e-06 -0.427685
2.01325 4.05752e-05 -0.410422
2.98565 0.0140408 2.55707
4.52737e-06 0.999109 -0.427686
1 1 -0.427895
2 1 -0.427895
2.99994 0.98502 -0.406957
4.5274e-06 2.00089 -0.427686
1 2 -0.427895
2 2 -0.427895
2.99996 2.01315 -0.410425
0 3 0
0.999176 3 -0.427685
2.01325 2.99996 -0.410425
2.98565 2.98565 2.55655
## (position) Systeme au temps : 0.32
0 0 0
0.999021 5.10034e-06 -0.454295
2.01536 5.34872e-05 -0.433058
2.98344 0.0162254 2.72382
5.09976e-06 0.998935 -0.454296
1 1 -0.454562
2 1 -0.454562
2.99993 0.982771 -0.429041
5.09979e-06 2.00106 -0.454296
1 2 -0.454562
2 2 -0.454562
2.99994 2.01523 -0.433061
0 3 0
0.999021 2.99999 -0.454295
2.01536 2.99994 -0.433061
2.98344 2.98344 2.72322
## (position) Systeme au temps : 0.33
0 0 0
0.998844 5.72235e-06 -0.481613
2.01765 6.9645e-05 -0.455779
2.98104 0.0185998 2.88923
5.72135e-06 0.998735 -0.481615
1 1 -0.48195
2 1 -0.48195
2.99991 0.980338 -0.451166
5.72139e-06 2.00126 -0.481616
1 2 -0.48195
2 2 -0.48195
2.99993 2.01749 -0.455783
0 3 0
0.998844 2.99999 -0.481613
2.01765 2.99993 -0.455783
2.98104 2.98104 2.88853
## (position) Systeme au temps : 0.34
0 0 0
0.998644 6.39598e-06 -0.509632
2.02013 8.96268e-05 -0.478525
2.97845 0.0211655 3.05228
6.39427e-06 0.998507 -0.509635
1 1 -0.510052
2 1 -0.510052
2.99988 0.97772 -0.473272
6.39432e-06 2.00149 -0.509636
1 2 -0.510053
2 2 -0.510052
2.9999 2.01993 -0.47853
0 3 0
0.998644 2.99999 -0.509632
2.02013 2.9999 -0.478531
2.97845 2.97845 3.05149
## (position) Systeme au temps : 0.35
0 0 0
0.998418 7.12343e-06 -0.538342
2.0228 0.000114072 -0.50124
2.97567 0.0239229 3.21199
7.12063e-06 0.998247 -0.538345
1 1 -0.538863
2 1 -0.538863
2.99985 0.974917 -0.495302
7.12069e-06 2.00175 -0.538346
1 2 -0.538863
2 2 -0.538863
2.99988 2.02256 -0.501245
0 3 0
0.998418 2.99999 -0.538342
2.0228 2.99988 -0.501246
2.97567 2.97567 3.2111
## (position) Systeme au temps : 0.36
0 0 0
0.998164 7.90694e-06 -0.567732
2.02566 0.000143686 -0.523864
2.97269 0.0268722 3.36738
7.90244e-06 0.997954 -0.567738
1 1 -0.568375
2.00001 1 -0.568374
2.99981 0.971931 -0.517202
7.90252e-06 2.00204 -0.567739
1 2 -0.568375
2 2 -0.568374
2.99985 2.02536 -0.523871
0 3 0
0.998164 2.99999 -0.567733
2.02566 2.99985 -0.523873
2.97269 2.97269 3.36638
## (position) Systeme au temps : 0.37
0 0 0
0.99788 8.74875e-06 -0.597795
2.02871 0.00017924 -0.546344
2.96952 0.0300127 3.51749
8.74169e-06 0.997623 -0.597802
1 1 -0.59858
2.00001 1 -0.59858
2.99976 0.968763 -0.538918
8.74179e-06 2.00237 -0.597803
1 2 -0.59858
2.00001 2.00001 -0.59858
2.99981 2.02835 -0.546351
0 3 0
0.99788 2.99999 -0.597795
2.0287 2.99981 -0.546355
2.96953 2.96952 3.51638
## (position) Systeme au temps : 0.38
0 0 0
0.997564 9.65111e-06 -0.628519
2.03194 0.00022158 -0.568626
2.96617 0.0333433 3.6614
9.64027e-06 0.997253 -0.628529
1 1 -0.629474
2.00001 0.999999 -0.629473
2.99971 0.965417 -0.560398
9.64039e-06 2.00274 -0.62853
1 2 -0.629474
2.00001 2.00001 -0.629473
2.99976 2.03152 -0.568633
0 3 0
0.997564 2.99999 -0.628519
2.03194 2.99976 -0.568639
2.96617 2.96617 3.66016
## (position) Systeme au temps : 0.39
0 0 0
0.997215 1.06163e-05 -0.659895
2.03536 0.00027163 -0.590659
2.96262 0.0368623 3.79821
1.06e-05 0.99684 -0.659908
1 1 -0.661049
2.00002 0.999998 -0.661048
2.99965 0.961894 -0.581594
1.06001e-05 2.00315 -0.65991
1 2 -0.661049
2.00001 2.00001 -0.661047
2.99971 2.03487 -0.590665
0 3 0
0.997215 2.99999 -0.659895
2.03536 2.99971 -0.590674
2.96262 2.96262 3.79684
## (position) Systeme au temps : 0.4
0 0 0
0.996829 1.16468e-05 -0.691911
2.03896 0.000330397 -0.612393
2.95889 0.0405676 3.92708
1.16226e-05 0.996381 -0.691929
1 1 -0.693298
2.00002 0.999996 -0.693296
2.99957 0.958199 -0.602461
1.16227e-05 2.00361 -0.691931
1 2 -0.693298
2.00002 2.00002 -0.693296
2.99964 2.03838 -0.6124
0 3 0
0.996829 2.99999 -0.691912
2.03896 2.99964 -0.612412
2.95889 2.95889 3.92556
## (position) Systeme au temps : 0.41
0 0 0
0.996405 1.2745e-05 -0.724558
2.04274 0.000398978 -0.633785
2.95497 0.0444568 4.04721
1.27096e-05 0.995873 -0.724581
1 1 -0.726216
2.00003 0.999993 -0.726213
2.99949 0.954334 -0.622955
1.27099e-05 2.00412 -0.724584
1 2 -0.726216
2.00002 2.00002 -0.726213
2.99957 2.04207 -0.63379
0 3 0
0.996405 2.99999 -0.724559
2.04274 2.99957 -0.633807
2.95498 2.95497 4.04555
## (position) Systeme au temps : 0.42
0 0 0
0.995941 1.39137e-05 -0.757825
2.0467 0.000478569 -0.654791
2.95088 0.0485269 4.15788
1.38628e-05 0.995313 -0.757855
1 1 -0.759795
2.00004 0.999989 -0.759792
2.99939 0.950305 -0.643038
1.3863e-05 2.00468 -0.757858
1 2 -0.759795
2.00003 2.00003 -0.759791
2.99948 2.04592 -0.654793
0 3 0
0.995941 2.99999 -0.757826
2.0467 2.99948 -0.654818
2.95088 2.95088 4.15606
## (position) Systeme au temps : 0.43
0 0 0
0.995435 1.51558e-05 -0.791699
2.05084 0.000570473 -0.675373
2.94661 0.0527747 4.25841
1.50834e-05 0.994697 -0.791738
1 1 -0.79403
2.00005 0.999983 -0.794025
2.99928 0.946116 -0.662674
1.50837e-05 2.00529 -0.791742
1 2 -0.79403
2.00004 2.00004 -0.794024
2.99938 2.04994 -0.675371
0 3 0
0.995435 2.99998 -0.7917
2.05083 2.99938 -0.675404
2.94661 2.94661 4.25643
## (position) Systeme au temps : 0.44
0 0 0
0.994886 1.64744e-05 -0.82617
2.05514 0.000676109 -0.695495
2.94216 0.0571966 4.34821
1.6373e-05 0.994023 -0.82622
1 1 -0.828914
2.00007 0.999976 -0.828906
2.99914 0.941773 -0.681831
1.63733e-05 2.00596 -0.826225
1 2 -0.828914
2.00005 2.00005 -0.828906
2.99927 2.05411 -0.695487
0 3 0
0.994886 2.99998 -0.826171
2.05513 2.99927 -0.695532
2.94217 2.94216 4.34607
## (position) Systeme au temps : 0.45
0 0 0
0.994291 1.78734e-05 -0.861226
2.0596 0.00079702 -0.715126
2.93754 0.0617887 4.42677
1.77328e-05 0.993288 -0.861289
1 1 -0.864442
2.00008 0.999965 -0.86443
2.999 0.937279 -0.700482
1.77331e-05 2.0067 -0.861295
1 2 -0.864442
2.00007 2.00007 -0.86443
2.99914 2.05843 -0.71511
0 3 0
0.994291 2.99998 -0.861226
2.05959 2.99914 -0.71517
2.93755 2.93754 4.42445
## (position) Systeme au temps : 0.46
0 0 0
0.99365 1.9357e-05 -0.896853
2.06422 0.000934886 -0.734239
2.93276 0.066547 4.49364
1.9164e-05 0.992488 -0.896934
1 1 -0.900606
2.00011 0.999951 -0.90059
2.99883 0.932642 -0.718602
1.91644e-05 2.0075 -0.89694
1 2 -0.900606
2.00009 2.00009 -0.900589
2.99899 2.06289 -0.734212
0 3 0
0.99365 2.99998 -0.896854
2.06422 2.99899 -0.734291
2.93277 2.93276 4.49114
## (position) Systeme au temps : 0.47
0 0 0
0.99296 2.09303e-05 -0.93304
2.069 0.00109153 -0.752811
2.92782 0.0714669 4.54848
2.06681e-05 0.991621 -0.933142
1 1 -0.9374
2.00014 0.999932 -0.937378
2.99863 0.927868 -0.736173
2.06685e-05 2.00836 -0.93315
1 2 -0.9374
2.00011 2.00011 -0.937377
2.99882 2.0675 -0.752769
0 3 0
0.99296 2.99998 -0.933041
2.06899 2.99882 -0.752871
2.92783 2.92781 4.54579
## (position) Systeme au temps : 0.48
0 0 0
0.992221 2.25992e-05 -0.969773
2.07392 0.00126895 -0.770822
2.92272 0.076544 4.59103
2.22463e-05 0.990683 -0.969901
1 1 -0.97482
2.00018 0.999908 -0.974789
2.99842 0.922962 -0.753179
2.22466e-05 2.00929 -0.96991
1 2 -0.97482
2.00015 2.00015 -0.974788
2.99862 2.07224 -0.770762
0 3 0
0.992221 2.99998 -0.969774
2.07391 2.99862 -0.770893
2.92273 2.92271 4.58814
## (position) Systeme au temps : 0.49
0 0 0
0.991433 2.4371e-05 -1.00704
2.07899 0.00146929 -0.788259
2.91747 0.0817732 4.62111
2.39e-05 0.989673 -1.0072
1 1 -1.01286
2.00022 0.999878 -1.01282
2.99817 0.917931 -0.769609
2.39003e-05 2.0103 -1.00721
1 2 -1.01286
2.00018 2.00019 -1.01281
2.9984 2.0771 -0.788175
0 3 0
0.991432 2.99997 -1.00704
2.07898 2.9984 -0.788341
2.91748 2.91746 4.61801
## (position) Systeme au temps : 0.5
0 0 0
0.990593 2.62544e-05 -1.04483
2.08419 0.00169488 -0.805111
2.91207 0.0871497 4.63865
2.56308e-05 0.988586 -1.04502
1 1 -1.05151
2.00028 0.999839 -1.05145
2.9979 0.912782 -0.785457
2.56309e-05 2.01139 -1.04504
1 2 -1.05151
2.00023 2.00023 -1.05145
2.99816 2.08209 -0.804997
0 3 0
0.990593 2.99997 -1.04483
2.08418 2.99816 -0.805207
2.91208 2.91206 4.63533
## (position) Systeme au temps : 0.51
0 0 0
0.989702 2.82598e-05 -1.08312
2.08951 0.00194825 -0.821374
2.90654 0.0926681 4.64366
2.74405e-05 0.987422 -1.08336
1 1 -1.09077
2.00034 0.999791 -1.09069
2.99759 0.907523 -0.80072
2.74403e-05 2.01255 -1.08338
1 2 -1.09077
2.00029 2.00029 -1.09069
2.99788 2.08719 -0.821223
0 3 0
0.989702 2.99997 -1.08312
2.0895 2.99788 -0.821485
2.90655 2.90652 4.64012
## (position) Systeme au temps : 0.52
0 0 0
0.988759 3.04002e-05 -1.1219
2.09496 0.0022321 -0.837047
2.90086 0.0983232 4.63624
2.93313e-05 0.986176 -1.1222
1 1 -1.13063
2.00042 0.999732 -1.13052
2.99725 0.90216 -0.815402
2.93307e-05 2.01379 -1.12222
1 2 -1.13063
2.00036 2.00036 -1.13052
2.99757 2.0924 -0.836849
0 3 0
0.988759 2.99997 -1.1219
2.09494 2.99757 -0.837175
2.90087 2.90084 4.63247
## (position) Systeme au temps : 0.53
0 0 0
0.987765 3.2691e-05 -1.16115
2.10052 0.00254935 -0.852132
2.89506 0.104109 4.6166
3.13058e-05 0.984847 -1.16152
1 1 -1.17108
2.00052 0.999659 -1.17094
2.99686 0.8967 -0.829507
3.13047e-05 2.01511 -1.16154
1 2 -1.17108
2.00045 2.00045 -1.17094
2.99722 2.09771 -0.851879
0 3 0
0.987764 2.99996 -1.16116
2.1005 2.99722 -0.85228
2.89507 2.89503 4.61259
## (position) Systeme au temps : 0.54
0 0 0
0.986719 3.5151e-05 -1.20087
2.10618 0.00290312 -0.866639
2.88913 0.110021 4.58502
3.33673e-05 0.983433 -1.20132
1 1 -1.21213
2.00064 0.99957 -1.21193
2.99644 0.891153 -0.843048
3.33654e-05 2.01652 -1.20134
1 2 -1.21213
2.00055 2.00055 -1.21194
2.99684 2.1031 -0.866317
0 3 0
0.986718 2.99996 -1.20087
2.10616 2.99684 -0.866809
2.88914 2.8891 4.58077
## (position) Systeme au temps : 0.55
0 0 0
0.985622 3.78029e-05 -1.24103
2.11194 0.00329672 -0.88058
2.88308 0.116052 4.54188
3.55199e-05 0.981931 -1.24158
1.00001 1 -1.25376
2.00077 0.999463 -1.2535
2.99596 0.885525 -0.856039
3.5517e-05 2.01802 -1.24161
1.00001 2 -1.25376
2.00067 2.00067 -1.25351
2.99641 2.10859 -0.880176
0 3 0
0.985621 2.99996 -1.24104
2.11192 2.99641 -0.880775
2.8831 2.88305 4.53738
## (position) Systeme au temps : 0.56
0 0 0
0.984475 4.06739e-05 -1.28163
2.11779 0.00373367 -0.893971
2.87692 0.122197 4.48764
3.77688e-05 0.98034 -1.28228
1.00001 1 -1.29596
2.00093 0.999335 -1.29563
2.99544 0.879825 -0.868499
3.77643e-05 2.01961 -1.28231
1.00001 2 -1.29596
2.00081 2.00081 -1.29564
2.99593 2.11414 -0.89347
0 3 0
0.984474 2.99995 -1.28163
2.11776 2.99593 -0.894195
2.87694 2.87688 4.48289
## (position) Systeme au temps : 0.57
0 0 0
0.983279 4.37966e-05 -1.32263
2.12371 0.00421769 -0.906834
2.87065 0.12845 4.42284
4.01203e-05 0.978658 -1.32342
1.00001 1 -1.33874
2.00112 0.999182 -1.33832
2.99486 0.874061 -0.880449
4.01139e-05 2.02128 -1.32345
1.00001 2 -1.33874
2.00098 2.00097 -1.33833
2.9954 2.11977 -0.906217
0 3 0
0.983278 2.99995 -1.32263
2.12368 2.9954 -0.907091
2.87067 2.8706 4.41783
## (position) Systeme au temps : 0.58
0 0 0
0.982035 4.72099e-05 -1.36403
2.12971 0.00475267 -0.919193
2.86429 0.134805 4.34809
4.25824e-05 0.976883 -1.36497
1.00001 1 -1.38209
2.00134 0.999002 -1.38154
2.99422 0.868242 -0.891917
4.25734e-05 2.02305 -1.36501
1.00001 2 -1.38209
2.00117 2.00117 -1.38156
2.99482 2.12545 -0.91844
0 3 0
0.982034 2.99994 -1.36403
2.12967 2.99482 -0.919487
2.8643 2.86423 4.34282
## (position) Systeme au temps : 0.59
0 0 0
0.980744 5.096e-05 -1.4058
2.13576 0.00534266 -0.931077
2.85782 0.141256 4.26409
4.5165e-05 0.975013 -1.40693
1.00001 1 -1.426
2.00159 0.998791 -1.4253
2.99352 0.862375 -0.90293
4.51525e-05 2.02491 -1.40697
1.00001 2 -1.426
2.0014 2.00139 -1.42532
2.99417 2.13119 -0.930165
0 3 0
0.980743 2.99994 -1.40581
2.13572 2.99418 -0.931413
2.85784 2.85776 4.25854
## (position) Systeme au temps : 0.6
0 0 0
0.979408 5.51015e-05 -1.44794
2.14186 0.00599187 -0.942519
2.85127 0.147797 4.17159
4.788e-05 0.973048 -1.44927
1.00002 1 -1.47047
2.00189 0.998546 -1.46958
2.99276 0.85647 -0.913521
4.7863e-05 2.02687 -1.44932
1.00001 2.00001 -1.47047
2.00166 2.00165 -1.46961
2.99347 2.13696 -0.94142
0 3 0
0.979407 2.99993 -1.44794
2.14182 2.99347 -0.942901
2.85129 2.85119 4.16575
## (position) Systeme au temps : 0.61
0 0 0
0.97803 5.96985e-05 -1.49042
2.14801 0.00670463 -0.953554
2.84464 0.154421 4.07138
5.07423e-05 0.970987 -1.49199
1.00002 1 -1.51549
2.00222 0.998262 -1.51438
2.99192 0.850536 -0.923726
5.07196e-05 2.02892 -1.49205
1.00002 2.00001 -1.51549
2.00197 2.00195 -1.51442
2.99269 2.14278 -0.952239
0 3 0
0.978029 2.99992 -1.49042
2.14796 2.9927 -0.953987
2.84466 2.84455 4.06526
## (position) Systeme au temps : 0.62
0 0 0
0.976611 6.48259e-05 -1.53322
2.15418 0.00748539 -0.964221
2.83793 0.161123 3.96433
5.37697e-05 0.968828 -1.53507
1.00002 1.00001 -1.56105
2.0026 0.997935 -1.55967
2.991 0.844581 -0.933582
5.37398e-05 2.03107 -1.53513
1.00002 2.00001 -1.56105
2.00231 2.0023 -1.55972
2.99184 2.14861 -0.962656
0 3 0
0.976609 2.99991 -1.53323
2.15413 2.99185 -0.964712
2.83795 2.83783 3.95792
## (position) Systeme au temps : 0.63
0 0 0
0.975154 7.0571e-05 -1.57633
2.16037 0.00833865 -0.97456
2.83115 0.167896 3.85134
5.69838e-05 0.966571 -1.57849
1.00003 1.00001 -1.60716
2.00303 0.997561 -1.60545
2.99 0.838615 -0.943129
5.69449e-05 2.03332 -1.57857
1.00002 2.00001 -1.60716
2.00271 2.00268 -1.60551
2.99092 2.15446 -0.972708
0 3 0
0.975151 2.99991 -1.57633
2.16031 2.99093 -0.975115
2.83117 2.83103 3.84463
## (position) Systeme au temps : 0.64
0 0 0
0.97366 7.70349e-05 -1.61972
2.16658 0.00926898 -0.984616
2.82431 0.174734 3.73335
6.04105e-05 0.964214 -1.62225
1.00003 1.00001 -1.6538
2.00352 0.997135 -1.6517
2.98891 0.832646 -0.952408
6.03602e-05 2.03567 -1.62233
1.00003 2.00001 -1.6538
2.00315 2.00312 -1.65178
2.98991 2.16032 -0.982437
0 3 0
0.973658 2.9999 -1.61972
2.16651 2.98993 -0.985242
2.82433 2.82417 3.72634
## (position) Systeme au temps : 0.65
0 0 0
0.972134 8.43343e-05 -1.66338
2.17278 0.0102809 -0.994436
2.8174 0.181631 3.61132
6.40807e-05 0.961759 -1.66631
1.00004 1.00001 -1.70097
2.00407 0.996654 -1.69841
2.98774 0.826684 -0.961462
6.40162e-05 2.03811 -1.66641
1.00003 2.00002 -1.70097
2.00365 2.00362 -1.69851
2.98881 2.16618 -0.991883
0 3 0
0.972131 2.99988 -1.66338
2.1727 2.98884 -0.995139
2.81743 2.81726 3.60399
## (position) Systeme au temps : 0.66
0 0 0
0.970577 9.26029e-05 -1.70728
2.17896 0.0113791 -1.00407
2.81045 0.188582 3.48622
6.80308e-05 0.959204 -1.71068
1.00005 1.00001 -1.74867
2.00468 0.996113 -1.74556
2.98647 0.820737 -0.970337
6.79488e-05 2.04066 -1.71078
1.00004 2.00002 -1.74867
2.00422 2.00417 -1.74569
2.98762 2.17203 -1.00109
0 3 0
0.970573 2.99987 -1.70729
2.17887 2.98766 -1.00485
2.81048 2.81028 3.47858
## (position) Systeme au temps : 0.67
0 0 0
0.968992 0.000101994 -1.75141
2.18513 0.0125679 -1.01356
2.80345 0.195579 3.35905
7.23039e-05 0.956549 -1.75534
1.00005 1.00001 -1.79689
2.00536 0.995507 -1.79314
2.9851 0.814815 -0.979076
7.22005e-05 2.0433 -1.75545
1.00005 2.00003 -1.79689
2.00485 2.00479 -1.79329
2.98634 2.17785 -1.0101
0 3 0
0.968988 2.99986 -1.75142
2.18503 2.98638 -1.01444
2.80348 2.80327 3.3511
## (position) Systeme au temps : 0.68
0 0 0
0.967383 0.000112681 -1.79574
2.19126 0.0138518 -1.02295
2.79641 0.202618 3.23081
7.69505e-05 0.953795 -1.80026
1.00006 1.00001 -1.84562
2.00611 0.994831 -1.84113
2.98362 0.808927 -0.987726
7.68208e-05 2.04604 -1.80038
1.00005 2.00003 -1.84562
2.00555 2.00548 -1.84131
2.98495 2.18365 -1.01896
0 3 0
0.967379 2.99984 -1.79575
2.19115 2.98501 -1.02394
2.79644 2.79621 3.22253
## (position) Systeme au temps : 0.69
0 0 0
0.965753 0.000124862 -1.84026
2.19734 0.0152351 -1.03232
2.78934 0.209692 3.10247
8.20295e-05 0.950942 -1.84544
1.00007 1.00001 -1.89486
2.00694 0.994082 -1.88952
2.98204 0.803082 -0.996333
8.18679e-05 2.04888 -1.84557
1.00006 2.00004 -1.89486
2.00633 2.00624 -1.88973
2.98346 2.18941 -1.02772
0 3 0
0.965747 2.99982 -1.84027
2.19722 2.98353 -1.03341
2.78937 2.78911 3.09386
## (position) Systeme au temps : 0.7
0 0 0
0.964104 0.00013876 -1.88495
2.20337 0.016722 -1.04169
2.78223 0.216795 2.975
8.76094e-05 0.94799 -1.89085
1.00009 1.00001 -1.94461
2.00786 0.993255 -1.93828
2.98034 0.797289 -1.00494
8.74091e-05 2.05182 -1.891
1.00007 2.00004 -1.94461
2.00718 2.00708 -1.93854
2.98186 2.19512 -1.03642
0 3 0
0.964098 2.9998 -1.88496
2.20324 2.98194 -1.04291
2.78227 2.78199 2.96606
## (position) Systeme au temps : 0.71
0 0 0
0.96244 0.000154624 -1.92977
2.20933 0.0183165 -1.05113
2.77511 0.223923 2.84936
9.37692e-05 0.944939 -1.93649
1.0001 1.00001 -1.99486
2.00886 0.992345 -1.9874
2.97853 0.791557 -1.0136
9.35223e-05 2.05486 -1.93666
1.00009 2.00005 -1.99486
2.00812 2.008 -1.9877
2.98015 2.20078 -1.04511
0 3 0
0.962433 2.99977 -1.92979
2.20919 2.98024 -1.05247
2.77515 2.77484 2.84008
## (position) Systeme au temps : 0.72
0 0 0
0.960764 0.000172736 -1.97472
2.21522 0.0200224 -1.06068
2.76797 0.231068 2.72645
0.0001006 0.941791 -1.98234
1.00012 1.00001 -2.04561
2.00996 0.991349 -2.03686
2.9766 0.785895 -1.02235
0.000100297 2.05799 -1.98253
1.0001 2.00006 -2.04561
2.00915 2.00901 -2.03721
2.97832 2.20637 -1.05383
0 3 0
0.960756 2.99975 -1.97474
2.21506 2.97843 -1.06216
2.768 2.76767 2.71682
## (position) Systeme au temps : 0.73
0 0 0
0.959079 0.00019341 -2.01977
2.22102 0.0218432 -1.07039
2.76081 0.238227 2.60713
0.000108207 0.938547 -2.02839
1.00013 1 -2.09685
2.01115 0.990263 -2.08665
2.97454 0.780311 -1.03123
0.000107837 2.06122 -2.02859
1.00012 2.00007 -2.09685
2.01028 2.0101 -2.08704
2.97636 2.21189 -1.06263
0 3 0
0.95907 2.99971 -2.01979
2.22084 2.9765 -1.07203
2.76085 2.76049 2.59717
## (position) Systeme au temps : 0.74
0 0 0
0.957389 0.000216994 -2.06489
2.22672 0.0237825 -1.08032
2.75365 0.245394 2.49225
0.000116708 0.935208 -2.07461
1.00015 1 -2.14857
2.01244 0.989082 -2.13673
2.97235 0.774814 -1.04029
0.00011626 2.06454 -2.07483
1.00013 2.00008 -2.14857
2.0115 2.01129 -2.13719
2.97428 2.21733 -1.07156
0 3 0
0.957379 2.99968 -2.06492
2.22653 2.97445 -1.08212
2.75369 2.7533 2.48193
## (position) Systeme au temps : 0.75
0 0 0
0.955697 0.000243876 -2.11007
2.23232 0.0258432 -1.09052
2.74649 0.252563 2.38256
0.000126241 0.931774 -2.121
1.00018 0.999998 -2.20078
2.01383 0.987804 -2.1871
2.97004 0.769412 -1.04957
0.000125699 2.06795 -2.12124
1.00016 2.0001 -2.20077
2.01282 2.01257 -2.18761
2.97208 2.22268 -1.08064
0 3 0
0.955685 2.99964 -2.1101
2.23211 2.97227 -1.09249
2.74653 2.7461 2.37189
## (position) Systeme au temps : 0.76
0 0 0
0.954005 0.000274484 -2.15529
2.2378 0.0280283 -1.10102
2.73933 0.25973 2.27876
0.00013696 0.928247 -2.16753
1.0002 0.999994 -2.25346
2.01533 0.986425 -2.23772
2.96759 0.764113 -1.0591
0.000136306 2.07146 -2.1678
1.00018 2.00011 -2.25346
2.01425 2.01396 -2.23831
2.96974 2.22793 -1.08993
0 3 0
0.953992 2.99959 -2.15533
2.23757 2.96996 -1.10317
2.73937 2.73891 2.26774
## (position) Systeme au temps : 0.77
0 0 0
0.952317 0.000309293 -2.20053
2.24315 0.0303404 -1.11187
2.73217 0.26689 2.18151
0.000149038 0.924629 -2.2142
1.00023 0.999989 -2.30662
2.01694 0.984942 -2.28859
2.96501 0.758925 -1.06892
0.000148254 2.07506 -2.21449
1.0002 2.00013 -2.30661
2.01578 2.01545 -2.28925
2.96727 2.23308 -1.09947
0 3 0
0.952302 2.99954 -2.20057
2.24291 2.96753 -1.11422
2.73222 2.73172 2.17013
## (position) Systeme au temps : 0.78
0 0 0
0.950637 0.000348823 -2.24576
2.24837 0.0327819 -1.12311
2.72503 0.274039 2.09136
0.000162673 0.920922 -2.26098
1.00026 0.999983 -2.36024
2.01867 0.983353 -2.33968
2.96229 0.753856 -1.07907
0.000161736 2.07875 -2.2613
1.00023 2.00015 -2.36023
2.01743 2.01704 -2.34041
2.96466 2.23811 -1.10928
0 3 0
0.950619 2.99948 -2.2458
2.2481 2.96496 -1.12567
2.72508 2.72455 2.07962
## (position) Systeme au temps : 0.79
0 0 0
0.948966 0.000393645 -2.29096
2.25344 0.035355 -1.13479
2.7179 0.281173 2.00881
0.000178085 0.917127 -2.30787
1.0003 0.999974 -2.41433
2.02051 0.981654 -2.39097
2.95943 0.748912 -1.08957
0.00017697 2.08252 -2.30822
1.00026 2.00017 -2.41432
2.01919 2.01874 -2.39178
2.96191 2.24302 -1.1194
0 3 0
0.948947 2.99942 -2.29101
2.25316 2.96226 -1.13756
2.71796 2.71739 1.9967
## (position) Systeme au temps : 0.8
0 0 0
0.947307 0.000444387 -2.33611
2.25836 0.0380614 -1.14693
2.7108 0.288287 1.93425
0.000195522 0.913246 -2.35485
1.00034 0.999964 -2.46887
2.02246 0.979845 -2.44244
2.95643 0.7441 -1.10045
0.000194199 2.08638 -2.35522
1.0003 2.0002 -2.46886
2.02107 2.02055 -2.44333
2.95901 2.2478 -1.12987
0 3 0
0.947286 2.99935 -2.33616
2.25806 2.95943 -1.14994
2.71086 2.71025 1.92177
## (position) Systeme au temps : 0.81
0 0 0
0.945665 0.000501733 -2.38119
2.26312 0.0409028 -1.15958
2.70371 0.295378 1.86801
0.00021526 0.909281 -2.4019
1.00038 0.999952 -2.52387
2.02454 0.977922 -2.49407
2.95328 0.739428 -1.11175
0.000213697 2.09032 -2.4023
1.00034 2.00023 -2.52386
2.02307 2.02247 -2.49505
2.95598 2.25245 -1.14071
0 3 0
0.945641 2.99926 -2.38125
2.2628 2.95645 -1.16282
2.70378 2.70313 1.85517
## (position) Systeme au temps : 0.82
0 0 0
0.944041 0.000566431 -2.42618
2.26772 0.0438806 -1.17276
2.69666 0.302441 1.81033
0.000237607 0.905235 -2.44901
1.00043 0.999937 -2.57932
2.02674 0.975885 -2.54583
2.94999 0.7349 -1.12347
0.000235765 2.09434 -2.44945
1.00038 2.00027 -2.57931
2.02518 2.0245 -2.54691
2.9528 2.25696 -1.15195
0 3 0
0.944014 2.99917 -2.42626
2.26738 2.95334 -1.17626
2.69672 2.69603 1.79711
## (position) Systeme au temps : 0.83
0 0 0
0.942437 0.000639293 -2.47106
2.27214 0.0469961 -1.18651
2.68963 0.309474 1.76134
0.000262903 0.90111 -2.49617
1.00049 0.999919 -2.63522
2.02907 0.973733 -2.59771
2.94655 0.730524 -1.13564
0.00026074 2.09844 -2.49664
1.00043 2.00031 -2.6352
2.02743 2.02665 -2.59889
2.94948 2.26132 -1.16361
0 3 0
0.942408 2.99907 -2.47115
2.27178 2.95009 -1.19027
2.6897 2.68897 1.74774
## (position) Systeme au temps : 0.84
0 0 0
0.940857 0.000721203 -2.51581
2.27638 0.0502501 -1.20083
2.68264 0.316474 1.72109
0.000291528 0.896908 -2.54335
1.00054 0.999897 -2.69155
2.03152 0.971463 -2.64969
2.94297 0.726303 -1.14828
0.000288995 2.10262 -2.54386
1.00048 2.00035 -2.69153
2.0298 2.02891 -2.65096
2.946 2.26553 -1.1757
0 3 0
0.940826 2.99896 -2.51591
2.276 2.9467 -1.20487
2.68271 2.68194 1.70712
## (position) Systeme au temps : 0.85
0 0 0
0.939303 0.000813119 -2.56041
2.28043 0.0536435 -1.21577
2.67568 0.323436 1.68956
0.000323897 0.892631 -2.59055
1.00061 0.999871 -2.74833
2.03409 0.969077 -2.70175
2.93923 0.722244 -1.16139
0.000320942 2.10687 -2.59109
1.00054 2.0004 -2.7483
2.03229 2.03129 -2.70312
2.94238 2.26959 -1.18826
0 3 0
0.939268 2.99883 -2.56052
2.28003 2.94317 -1.2201
2.67576 2.67494 1.67521
## (position) Systeme au temps : 0.86
0 0 0
0.937777 0.000916078 -2.60484
2.28429 0.0571769 -1.23132
2.66877 0.330359 1.66661
0.000360471 0.888284 -2.63775
1.00068 0.99984 -2.80553
2.0368 0.966574 -2.75386
2.93535 0.71835 -1.175
0.000357033 2.11119 -2.63833
1.0006 2.00046 -2.8055
2.03491 2.03379 -2.75534
2.93861 2.27348 -1.20128
0 3 0
0.937739 2.99869 -2.60497
2.28387 2.9395 -1.23595
2.66885 2.66799 1.65188
## (position) Systeme au temps : 0.87
0 0 0
0.936282 0.0010312 -2.64908
2.28795 0.0608507 -1.24752
2.66189 0.33724 1.65202
0.000401755 0.883867 -2.68494
1.00075 0.999803 -2.86316
2.03963 0.963953 -2.806
2.93132 0.714626 -1.1891
0.000397765 2.11557 -2.68556
1.00066 2.00053 -2.86313
2.03766 2.0364 -2.8076
2.93468 2.2772 -1.21478
0 3 0
0.93624 2.99853 -2.64923
2.28751 2.93569 -1.25246
2.66198 2.66107 1.63691
## (position) Systeme au temps : 0.88
0 0 0
0.934818 0.00115969 -2.69311
2.29141 0.0646651 -1.26436
2.65506 0.344076 1.64549
0.0004483 0.879385 -2.7321
1.00083 0.99976 -2.92121
2.04259 0.961215 -2.85817
2.92713 0.711076 -1.2037
0.000443684 2.12003 -2.73277
1.00073 2.0006 -2.92117
2.04054 2.03912 -2.85988
2.93061 2.28076 -1.22878
0 3 0
0.934773 2.99836 -2.69328
2.29094 2.93174 -1.26963
2.65515 2.6542 1.63
## (position) Systeme au temps : 0.89
0 0 0
0.933389 0.00130286 -2.73692
2.29467 0.0686203 -1.28186
2.64827 0.350866 1.64663
0.000500711 0.87484 -2.77921
1.00092 0.99971 -2.97968
2.04567 0.958362 -2.91033
2.9228 0.707703 -1.2188
0.000495384 2.12454 -2.77993
1.00081 2.00069 -2.97964
2.04354 2.04196 -2.91216
2.92638 2.28414 -1.24326
0 3 0
0.93334 2.99817 -2.73711
2.29418 2.92765 -1.28747
2.64836 2.64737 1.63077
## (position) Systeme au temps : 0.9
0 0 0
0.931996 0.00146209 -2.78048
2.29771 0.0727162 -1.30003
2.64153 0.357605 1.65498
0.000559645 0.870235 -2.82627
1.00101 0.999652 -3.03857
2.04888 0.955393 -2.96247
2.91831 0.704509 -1.2344
0.000553516 2.12911 -2.82704
1.0009 2.00078 -3.03851
2.04667 2.04492 -2.96442
2.922 2.28735 -1.25824
0 3 0
0.931942 2.99796 -2.78069
2.2972 2.92342 -1.30598
2.64163 2.64059 1.63873
## (position) Systeme au temps : 0.91
0 0 0
0.930641 0.00163889 -2.82378
2.30054 0.0769525 -1.31886
2.63485 0.364294 1.66999
0.000625817 0.865574 -2.87327
1.00111 0.999584 -3.09786
2.05222 0.952311 -3.01457
2.91367 0.701499 -1.2505
0.000618782 2.13374 -2.87409
1.00098 2.00089 -3.0978
2.04993 2.04798 -3.01664
2.91746 2.29037 -1.27371
0 3 0
0.930583 2.99773 -2.82402
2.3 2.91904 -1.32517
2.63495 2.63387 1.65336
## (position) Systeme au temps : 0.92
0 0 0
0.929325 0.00183485 -2.86681
2.30315 0.081329 -1.33835
2.62821 0.370928 1.69106
0.000700003 0.860859 -2.92018
1.00122 0.999506 -3.15755
2.05568 0.949117 -3.06662
2.90888 0.698673 -1.26709
0.000691949 2.13842 -2.92105
1.00108 2.00101 -3.15748
2.05332 2.05116 -3.06881
2.91278 2.29322 -1.28968
0 3 0
0.929262 2.99747 -2.86708
2.3026 2.91453 -1.34503
2.62831 2.62719 1.67404
## (position) Systeme au temps : 0.93
0 0 0
0.928049 0.0020517 -2.90954
2.30555 0.0858451 -1.3585
2.62163 0.377508 1.71749
0.000783039 0.856094 -2.96699
1.00133 0.999415 -3.21765
2.05926 0.945814 -3.11859
2.90394 0.696034 -1.28416
0.000773843 2.14315 -2.96792
1.00118 2.00115 -3.21757
2.05683 2.05444 -3.12091
2.90794 2.29588 -1.30613
0 3 0
0.927982 2.99719 -2.90984
2.30497 2.90988 -1.36556
2.62174 2.62057 1.7001
## (position) Systeme au temps : 0.94
0 0 0
0.926816 0.00229125 -2.95196
2.30772 0.0905001 -1.37931
2.6151 0.38403 1.74857
0.00087583 0.851283 -3.0137
1.00145 0.999312 -3.27814
2.06296 0.942402 -3.17047
2.89885 0.693585 -1.3017
0.000865355 2.14793 -3.01468
1.00129 2.0013 -3.27804
2.06046 2.05783 -3.17291
2.90295 2.29835 -1.32306
0 3 0
0.926744 2.99688 -2.9523
2.30712 2.90509 -1.38676
2.61521 2.614 1.73079
## (position) Systeme au temps : 0.95
0 0 0
0.925627 0.00255544 -2.99405
2.30967 0.0952931 -1.40076
2.60863 0.390493 1.7835
0.000979348 0.846429 -3.06028
1.00158 0.999193 -3.33901
2.06678 0.938886 -3.22224
2.89361 0.691326 -1.31971
0.000967444 2.15274 -3.06133
1.00141 2.00146 -3.33891
2.06421 2.06133 -3.22481
2.8978 2.30064 -1.34046
0 3 0
0.92555 2.99655 -2.99443
2.30905 2.90017 -1.40862
2.60875 2.6075 1.76534
## (position) Systeme au temps : 0.96
0 0 0
0.924481 0.00284633 -3.0358
2.31139 0.100223 -1.42285
2.60222 0.396895 1.82145
0.00109463 0.841535 -3.10673
1.00172 0.999058 -3.40027
2.07072 0.935268 -3.27389
2.88822 0.689259 -1.33817
0.00108114 2.1576 -3.10784
1.00153 2.00165 -3.40015
2.06808 2.06492 -3.27658
2.89251 2.30274 -1.35831
0 3 0
0.924399 2.99618 -3.03623
2.31075 2.8951 -1.43112
2.60234 2.60105 1.80291
## (position) Systeme au temps : 0.97
0 0 0
0.923381 0.00316611 -3.0772
2.31288 0.105289 -1.44557
2.59587 0.403235 1.86156
0.00122281 0.836606 -3.15303
1.00186 0.998904 -3.46191
2.07477 0.93155 -3.3254
2.88268 0.687384 -1.35707
0.00120754 2.16249 -3.15421
1.00166 2.00186 -3.46177
2.07207 2.06862 -3.32822
2.88706 2.30465 -1.37662
0 3 0
0.923293 2.99577 -3.07768
2.31223 2.88991 -1.45426
2.59599 2.59466 1.84264
## (position) Systeme au temps : 0.98
0 0 0
0.922328 0.00351707 -3.11823
2.31415 0.110489 -1.46889
2.58958 0.409512 1.90293
0.00136505 0.831644 -3.19917
1.00202 0.998729 -3.52391
2.07894 0.927737 -3.37675
2.87699 0.685704 -1.37639
0.00134783 2.16741 -3.20041
1.00179 2.00209 -3.52376
2.07617 2.0724 -3.3797
2.88146 2.30636 -1.39536
0 3 0
0.922234 2.99534 -3.11876
2.31347 2.88458 -1.47802
2.5897 2.58834 1.88362
## (position) Systeme au temps : 0.99
0 0 0
0.921321 0.00390163 -3.15888
2.31519 0.115822 -1.49282
2.58335 0.415723 1.94464
0.00152264 0.826655 -3.24514
1.00218 0.998532 -3.58629
2.08321 0.923832 -3.42793
2.87115 0.684217 -1.39612
0.00150325 2.17236 -3.24645
1.00194 2.00235 -3.58611
2.08038 2.07628 -3.431
2.87571 2.30789 -1.41452
0 3 0
0.921222 2.99486 -3.15947
2.3145 2.87912 -1.50239
2.58348 2.58208 1.92495
## (position) Systeme au temps : 1
0 0 0
0.920362 0.00432234 -3.19914
2.31601 0.121286 -1.51733
2.57719 0.421867 1.98577
0.00169692 0.821641 -3.29093
1.00234 0.99831 -3.64902
2.08758 0.919839 -3.47893
2.86517 0.682925 -1.41624
0.00167514 2.17733 -3.29231
1.00209 2.00264 -3.64882
2.08469 2.08024 -3.48213
2.86982 2.30923 -1.43408
0 3 0
0.920257 2.99434 -3.19979
2.31529 2.87353 -1.52736
2.57732 2.57588 1.96571
## (position) Systeme au temps : 1.01
0 0 0
0.919452 0.00478186 -3.23899
2.31659 0.12688 -1.54241
2.57109 0.427944 2.02539
0.00188931 0.816606 -3.33652
1.00252 0.998061 -3.7121
2.09205 0.915762 -3.52973
2.85904 0.681827 -1.43674
0.0018649 2.18233 -3.33798
1.00224 2.00296 -3.71188
2.08912 2.08429 -3.53306
2.86377 2.31037 -1.45404
0 3 0
0.91934 2.99378 -3.23972
2.31586 2.86781 -1.5529
2.57122 2.56975 2.00495
## (position) Systeme au temps : 1.02
0 0 0
0.91859 0.00528297 -3.27843
2.31694 0.1326 -1.56805
2.56506 0.433952 2.06258
0.00210132 0.811555 -3.3819
1.0027 0.997782 -3.77553
2.09662 0.911605 -3.58032
2.85277 0.680925 -1.45761
0.00207402 2.18733 -3.38344
1.00241 2.00331 -3.77529
2.09364 2.08842 -3.58377
2.85758 2.31132 -1.47437
0 3 0
0.918471 2.99317 -3.27923
2.31619 2.86197 -1.579
2.56519 2.56369 2.04176
## (position) Systeme au temps : 1.03
0 0 0
0.917777 0.00582858 -3.31744
2.31707 0.138445 -1.59423
2.55909 0.43989 2.09642
0.00233452 0.806492 -3.42707
1.00289 0.99747 -3.83931
2.10128 0.907373 -3.63069
2.84636 0.680216 -1.47883
0.00230406 2.19235 -3.42868
1.00258 2.00369 -3.83903
2.09825 2.09261 -3.63427
2.85125 2.31208 -1.49508
0 3 0
0.917651 2.99251 -3.31833
2.3163 2.85601 -1.60566
2.55923 2.5577 2.07522
## (position) Systeme au temps : 1.04
0 0 0
0.917013 0.00642168 -3.35601
2.31696 0.144413 -1.62093
2.55319 0.445757 2.12603
0.00259059 0.80142 -3.47201
1.00309 0.997122 -3.90341
2.10603 0.90307 -3.68083
2.83981 0.679702 -1.50039
0.00255667 2.19738 -3.4737
1.00275 2.00411 -3.9031
2.10296 2.09688 -3.68453
2.84478 2.31265 -1.51613
0 3 0
0.91688 2.99179 -3.35699
2.31619 2.84993 -1.63284
2.55333 2.55178 2.10445
## (position) Systeme au temps : 1.05
0 0 0
0.916298 0.00706538 -3.39414
2.31663 0.1505 -1.64814
2.54736 0.451552 2.15054
0.00287126 0.796343 -3.5167
1.00329 0.996736 -3.96783
2.11086 0.898702 -3.73072
2.83313 0.67938 -1.52229
0.00283357 2.20241 -3.51848
1.00294 2.00458 -3.9675
2.10775 2.10121 -3.73454
2.83816 2.31304 -1.53752
0 3 0
0.916159 2.99102 -3.39522
2.31584 2.84373 -1.66055
2.5475 2.54592 2.1286
## (position) Systeme au temps : 1.06
0 0 0
0.915633 0.00776289 -3.43182
2.31607 0.156704 -1.67584
2.5416 0.457274 2.16915
0.00317836 0.791267 -3.56115
1.00351 0.996308 -4.03257
2.11577 0.894274 -3.78035
2.82631 0.679251 -1.5445
0.00313656 2.20744 -3.56302
1.00313 2.00509 -4.0322
2.11262 2.1056 -3.78429
2.83141 2.31323 -1.55925
0 3 0
0.915486 2.99019 -3.43301
2.31527 2.83741 -1.68876
2.54174 2.54014 2.14684
## (position) Systeme au temps : 1.07
0 0 0
0.915017 0.00851751 -3.46903
2.31529 0.163021 -1.70404
2.5359 0.462923 2.18108
0.00351376 0.786194 -3.60534
1.00372 0.995835 -4.09762
2.12075 0.889791 -3.82972
2.81936 0.679313 -1.56703
0.00346751 2.21247 -3.6073
1.00332 2.00564 -4.09721
2.11757 2.11005 -3.83377
2.82452 2.31323 -1.5813
0 3 0
0.914862 2.9893 -3.47034
2.31448 2.83099 -1.71746
2.53604 2.53443 2.1584
## (position) Systeme au temps : 1.08
0 0 0
0.91445 0.00933259 -3.50578
2.31428 0.16945 -1.73271
2.53028 0.468498 2.18561
0.00387943 0.78113 -3.64926
1.00395 0.995314 -4.16297
2.1258 0.885259 -3.87881
2.81228 0.679565 -1.58986
0.00382836 2.21748 -3.65131
1.00352 2.00625 -4.16252
2.12259 2.11454 -3.88298
2.8175 2.31305 -1.60366
0 3 0
0.914288 2.98834 -3.50721
2.31346 2.82445 -1.74664
2.53041 2.52879 2.16256
## (position) Systeme au temps : 1.09
0 0 0
0.913932 0.0102116 -3.54206
2.31305 0.175985 -1.76185
2.52472 0.474 2.18208
0.00427742 0.776078 -3.69291
1.00418 0.994741 -4.2286
2.13091 0.880682 -3.92761
2.80507 0.680006 -1.61301
0.00422113 2.22249 -3.69504
1.00373 2.00691 -4.22811
2.12768 2.11907 -3.93189
2.81035 2.31268 -1.62633
0 3 0
0.913761 2.98732 -3.54362
2.31223 2.81781 -1.7763
2.52486 2.52323 2.15867
## (position) Systeme au temps : 1.1
0 0 0
0.913462 0.011158 -3.57785
2.3116 0.182625 -1.79145
2.51923 0.479426 2.1699
0.0047098 0.771043 -3.73626
1.00442 0.994112 -4.29451
2.13607 0.876068 -3.97612
2.79774 0.680633 -1.63646
0.0046479 2.22748 -3.73849
1.00394 2.00763 -4.29397
2.13282 2.12364 -3.98051
2.80307 2.31213 -1.64931
0 3 0
0.913283 2.98622 -3.57956
2.31077 2.81107 -1.80642
2.51937 2.51773 2.14612
## (position) Systeme au temps : 1.11
0 0 0
0.91304 0.0121753 -3.61317
2.30993 0.189365 -1.8215
2.51382 0.484778 2.14855
0.00517875 0.766028 -3.77932
1.00466 0.993425 -4.36069
2.14128 0.871421 -4.02433
2.79029 0.681446 -1.66021
0.00511081 2.23244 -3.78164
1.00416 2.00841 -4.3601
2.13802 2.12824 -4.02883
2.79567 2.31139 -1.6726
0 3 0
0.912852 2.98504 -3.61503
2.3091 2.80424 -1.83701
2.51395 2.51232 2.12441
## (position) Systeme au temps : 1.12
0 0 0
0.912665 0.0132671 -3.648
2.30805 0.196201 -1.85201
2.50847 0.490055 2.11759
0.00568646 0.761039 -3.82208
1.00491 0.992674 -4.42713
2.14654 0.866749 -4.07223
2.78273 0.682442 -1.68428
0.00561205 2.23738 -3.8245
1.00439 2.00925 -4.42649
2.14327 2.13287 -4.07683
2.78815 2.31048 -1.6962
0 3 0
0.912469 2.98379 -3.65003
2.30721 2.79731 -1.86806
2.50859 2.50697 2.09309
## (position) Systeme au temps : 1.13
0 0 0
0.912337 0.0144369 -3.68233
2.30595 0.20313 -1.88298
2.50319 0.495258 2.07664
0.00623521 0.756079 -3.86452
1.00517 0.991857 -4.49381
2.15183 0.862057 -4.11981
2.77505 0.683618 -1.70867
0.00615386 2.24229 -3.86704
1.00461 2.01016 -4.49311
2.14856 2.13752 -4.12451
2.78052 2.30939 -1.72011
0 3 0
0.912131 2.98245 -3.68454
2.30511 2.79029 -1.89956
2.50331 2.5017 2.05178
## (position) Systeme au temps : 1.14
0 0 0
0.912055 0.0156884 -3.71618
2.30364 0.210148 -1.9144
2.49797 0.500386 2.02543
0.0068273 0.751153 -3.90664
1.00543 0.99097 -4.56072
2.15715 0.857351 -4.16707
2.76727 0.684973 -1.73339
0.00673854 2.24717 -3.90926
1.00485 2.01115 -4.55997
2.15388 2.14217 -4.17187
2.77277 2.30812 -1.74435
0 3 0
0.91184 2.98102 -3.71858
2.3028 2.78318 -1.93153
2.49809 2.4965 2.00022
## (position) Systeme au temps : 1.15
0 0 0
0.911817 0.0170251 -3.74954
2.30112 0.217251 -1.94628
2.49283 0.505439 1.96378
0.00746507 0.746265 -3.94844
1.00569 0.990008 -4.62785
2.1625 0.852637 -4.214
2.75937 0.686505 -1.75845
0.00736841 2.25201 -3.95116
1.00508 2.0122 -4.62704
2.15923 2.14684 -4.2189
2.7649 2.30668 -1.76892
0 3 0
0.911593 2.97951 -3.75213
2.30028 2.77599 -1.96396
2.49294 2.49137 1.93822
## (position) Systeme au temps : 1.16
0 0 0
0.911624 0.0184505 -3.7824
2.2984 0.224433 -1.97863
2.48775 0.510419 1.89157
0.00815089 0.741419 -3.98991
1.00596 0.988968 -4.69519
2.16786 0.847923 -4.2606
2.75138 0.688209 -1.78388
0.00804584 2.2568 -3.99273
1.00532 2.01334 -4.69431
2.1646 2.1515 -4.26559
2.75694 2.30507 -1.79384
0 3 0
0.911389 2.9779 -3.78521
2.29756 2.76873 -1.99686
2.48785 2.48632 1.86566
## (position) Systeme au temps : 1.17
0 0 0
0.911474 0.0199681 -3.81477
2.29547 0.231692 -2.01147
2.48273 0.515325 1.8088
0.00888716 0.736619 -4.03103
1.00624 0.987846 -4.76272
2.17323 0.843215 -4.30686
2.74329 0.690084 -1.80968
0.00877321 2.26155 -4.03396
1.00557 2.01456 -4.76178
2.16999 2.15616 -4.31193
2.74887 2.30329 -1.81912
0 3 0
0.911228 2.9762 -3.8178
2.29464 2.76139 -2.03025
2.48283 2.48134 1.78255
## (position) Systeme au temps : 1.18
0 0 0
0.911365 0.0215812 -3.84664
2.29234 0.239023 -2.0448
2.47778 0.520159 1.71554
0.00967629 0.73187 -4.07181
1.00651 0.986639 -4.83042
2.17861 0.838519 -4.35278
2.73511 0.692127 -1.83589
0.00955293 2.26625 -4.07485
1.00581 2.01587 -4.82941
2.17538 2.1608 -4.35794
2.74071 2.30135 -1.84479
0 3 0
0.911109 2.9744 -3.84992
2.29152 2.75398 -2.06414
2.47788 2.47642 1.68895
## (position) Systeme au temps : 1.19
0 0 0
0.911297 0.0232932 -3.87803
2.28902 0.246421 -2.07863
2.47289 0.52492 1.61197
0.0105207 0.727176 -4.11224
1.0068 0.985343 -4.89829
2.18398 0.833841 -4.39835
2.72684 0.694333 -1.86252
0.0103874 2.27089 -4.11538
1.00607 2.01726 -4.89721
2.18077 2.16543 -4.40359
2.73245 2.29925 -1.87086
0 3 0
0.91103 2.97249 -3.88155
2.28821 2.74651 -2.09853
2.47298 2.47158 1.58503
## (position) Systeme au temps : 1.2
0 0 0
0.911269 0.0251074 -3.90893
2.28551 0.253882 -2.113
2.46807 0.52961 1.49833
0.0114228 0.722541 -4.15231
1.00708 0.983954 -4.9663
2.18933 0.829189 -4.44358
2.71849 0.696702 -1.8896
0.011279 2.27547 -4.15557
1.00632 2.01875 -4.96515
2.18616 2.17002 -4.44889
2.7241 2.29698 -1.89736
0 3 0
0.910989 2.97048 -3.91271
2.28471 2.73898 -2.13346
2.46815 2.46681 1.47106
## (position) Systeme au temps : 1.21
0 0 0
0.911278 0.0270268 -3.93934
2.28181 0.2614 -2.14791
2.46331 0.53423 1.37498
0.012385 0.717969 -4.19202
1.00737 0.982468 -5.03444
2.19467 0.824569 -4.48846
2.71005 0.699228 -1.91717
0.0122302 2.28 -4.19539
1.00658 2.02033 -5.03322
2.19153 2.17459 -4.49384
2.71567 2.29457 -1.92432
0 3 0
0.910986 2.96836 -3.94341
2.28102 2.7314 -2.16893
2.46337 2.46211 1.34737
## (position) Systeme au temps : 1.22
0 0 0
0.911323 0.0290544 -3.96927
2.27793 0.268972 -2.18339
2.4586 0.53878 1.24235
0.0134098 0.713464 -4.23137
1.00766 0.980883 -5.10269
2.19998 0.819988 -4.53299
2.70154 0.701908 -1.94526
0.0132434 2.28445 -4.23484
1.00684 2.02201 -5.1014
2.19688 2.17911 -4.53844
2.70716 2.292 -1.95177
0 3 0
0.911018 2.96614 -3.97363
2.27715 2.72376 -2.20498
2.45866 2.45748 1.21441
## (position) Systeme au temps : 1.23
0 0 0
0.911403 0.0311931 -3.99873
2.27387 0.276593 -2.21947
2.45395 0.543262 1.10094
0.0144994 0.70903 -4.27035
1.00796 0.979194 -5.17103
2.20526 0.815452 -4.57717
2.69297 0.704739 -1.97389
0.0143209 2.28883 -4.27393
1.0071 2.0238 -5.16967
2.2022 2.18359 -4.58268
2.69857 2.28928 -1.97974
0 3 0
0.911085 2.96379 -4.00339
2.2731 2.71608 -2.24162
2.454 2.45291 1.07267
## (position) Systeme au temps : 1.24
0 0 0
0.911516 0.0334455 -4.02772
2.26963 0.284257 -2.25617
2.44936 0.547677 0.951342
0.0156562 0.704671 -4.30895
1.00826 0.9774 -5.23945
2.21049 0.810968 -4.621
2.68432 0.707718 -2.00311
0.0154651 2.29314 -4.31264
1.00737 2.02568 -5.23801
2.20749 2.18802 -4.62657
2.68991 2.28642 -2.00826
0 3 0
0.911183 2.96134 -4.0327
2.26887 2.70836 -2.27888
2.4494 2.44841 0.922747
## (position) Systeme au temps : 1.25
0 0 0
0.91166 0.0358142 -4.05625
2.26522 0.29196 -2.29352
2.44482 0.552026 0.794213
0.0168826 0.700391 -4.34718
1.00856 0.975497 -5.30793
2.21568 0.806543 -4.66448
2.67562 0.71084 -2.03296
0.0166783 2.29737 -4.35098
1.00764 2.02768 -5.30641
2.21273 2.19239 -4.6701
2.68119 2.28342 -2.03738
0 3 0
0.911313 2.95876 -4.06156
2.26448 2.7006 -2.31679
2.44485 2.44398 0.765296
## (position) Systeme au temps : 1.26
0 0 0
0.911833 0.0383015 -4.08432
2.26064 0.299697 -2.33155
2.44034 0.55631 0.630276
0.0181807 0.696193 -4.38503
1.00887 0.973482 -5.37644
2.22081 0.802183 -4.70762
2.66686 0.714102 -2.06347
0.0179627 2.30152 -4.38894
1.00792 2.02979 -5.37484
2.21791 2.19669 -4.71328
2.67241 2.28028 -2.06713
0 3 0
0.91147 2.95607 -4.08997
2.25992 2.69281 -2.35538
2.44035 2.43961 0.60104
## (position) Systeme au temps : 1.27
0 0 0
0.912032 0.0409095 -4.11194
2.2559 0.307463 -2.37028
2.4359 0.560531 0.460314
0.0195528 0.692081 -4.4225
1.00918 0.971352 -5.44497
2.22587 0.797895 -4.75041
2.65806 0.7175 -2.09468
0.0193205 2.30559 -4.42652
1.0082 2.032 -5.4433
2.22304 2.20092 -4.75611
2.66357 2.27701 -2.09755
0 3 0
0.911654 2.95326 -4.11795
2.2552 2.685 -2.39468
2.4359 2.4353 0.430763
## (position) Systeme au temps : 1.28
0 0 0
0.912257 0.0436401 -4.13911
2.251 0.315252 -2.40976
2.43152 0.56469 0.285164
0.021001 0.688058 -4.45958
1.0095 0.969106 -5.51349
2.23086 0.793684 -4.79286
2.6492 0.721031 -2.12664
0.020754 2.30956 -4.46372
1.00848 2.03434 -5.51174
2.2281 2.20507 -4.79859
2.65469 2.27361 -2.12868
0 3 0
0.911862 2.95032 -4.1455
2.25033 2.67716 -2.43472
2.4315 2.43105 0.2553
## (position) Systeme au temps : 1.29
0 0 0
0.912504 0.0464952 -4.16586
2.24594 0.32306 -2.45002
2.42718 0.568789 0.105708
0.0225274 0.684129 -4.49629
1.00982 0.966742 -5.58199
2.23577 0.789558 -4.83497
2.64032 0.724691 -2.15939
0.0222652 2.31344 -4.50053
1.00876 2.03679 -5.58017
2.23308 2.20914 -4.84074
2.64576 2.27008 -2.16056
0 3 0
0.912092 2.94726 -4.17264
2.2453 2.66931 -2.47554
2.42715 2.42686 0.0755339
## (position) Systeme au temps : 1.3
0 0 0
0.912772 0.0494763 -4.19219
2.24074 0.330881 -2.49108
2.42288 0.572828 -0.0771358
0.0241339 0.680296 -4.5326
1.01014 0.964257 -5.65044
2.2406 0.785522 -4.87676
2.6314 0.728476 -2.19296
0.023856 2.31723 -4.53696
1.00905 2.03935 -5.64855
2.23798 2.21311 -4.88254
2.63679 2.26643 -2.19324
0 3 0
0.912342 2.94407 -4.19937
2.24013 2.66145 -2.51715
2.42283 2.42273 -0.107616
## (position) Systeme au temps : 1.31
0 0 0
0.913057 0.0525845 -4.2181
2.2354 0.338711 -2.53298
2.41863 0.57681 -0.262417
0.0258226 0.676562 -4.56853
1.01047 0.961651 -5.71882
2.24533 0.781584 -4.91821
2.62245 0.732383 -2.22741
0.0255285 2.32092 -4.57299
1.00935 2.04204 -5.71686
2.24279 2.21699 -4.92401
2.62779 2.26266 -2.22675
0 3 0
0.912608 2.94076 -4.2257
2.23481 2.65358 -2.55961
2.41857 2.41866 -0.293201
## (position) Systeme au temps : 1.32
0 0 0
0.913357 0.055821 -4.24362
2.22991 0.346543 -2.57575
2.41441 0.580736 -0.449164
0.0275952 0.672931 -4.60407
1.0108 0.958921 -5.78711
2.24995 0.777748 -4.95935
2.61348 0.736409 -2.26277
0.0272844 2.3245 -4.60864
1.00965 2.04484 -5.78508
2.24751 2.22077 -4.96515
2.61876 2.25878 -2.26114
0 3 0
0.912889 2.93732 -4.25164
2.22935 2.64571 -2.60293
2.41434 2.41464 -0.480248
## (position) Systeme au temps : 1.33
0 0 0
0.91367 0.0591865 -4.26875
2.22429 0.354372 -2.61942
2.41024 0.584606 -0.636393
0.0294534 0.669405 -4.63922
1.01114 0.956067 -5.85529
2.25447 0.77402 -5.00018
2.6045 0.740551 -2.29908
0.0291255 2.32798 -4.6439
1.00995 2.04777 -5.85319
2.25212 2.22444 -5.00597
2.60972 2.25478 -2.29645
0 3 0
0.913182 2.93375 -4.27721
2.22376 2.63785 -2.64715
2.41014 2.41068 -0.667773
## (position) Systeme au temps : 1.34
0 0 0
0.913993 0.0626816 -4.2935
2.21853 0.362193 -2.66402
2.40609 0.588423 -0.823113
0.0313989 0.665988 -4.67399
1.01148 0.953088 -5.92333
2.25887 0.770407 -5.0407
2.59551 0.744806 -2.33639
0.0310536 2.33136 -4.67877
1.01026 2.05081 -5.92116
2.25661 2.228 -5.04648
2.60066 2.25068 -2.33272
0 3 0
0.913483 2.93005 -4.30241
2.21804 2.62999 -2.6923
2.40598 2.40677 -0.854787
## (position) Systeme au temps : 1.35
0 0 0
0.914322 0.0663067 -4.31788
2.21265 0.37 -2.70959
2.40198 0.592186 -1.00834
0.0334333 0.662681 -4.70836
1.01183 0.949984 -5.99121
2.26315 0.766914 -5.08093
2.58653 0.749172 -2.37473
0.0330702 2.33462 -4.71326
1.01058 2.05398 -5.98898
2.26099 2.23143 -5.08669
2.59159 2.24647 -2.37
0 3 0
0.913791 2.92623 -4.32726
2.21219 2.62216 -2.73841
2.40186 2.40292 -1.0403
## (position) Systeme au temps : 1.36
0 0 0
0.914656 0.0700618 -4.34192
2.20664 0.377788 -2.75614
2.3979 0.595897 -1.1911
0.035558 0.659488 -4.74236
1.01219 0.946754 -6.05891
2.26729 0.763546 -5.12087
2.57755 0.753647 -2.41413
0.0351766 2.33777 -4.74735
1.0109 2.05727 -6.05662
2.26524 2.23474 -5.1266
2.58253 2.24215 -2.40831
0 3 0
0.914101 2.92228 -4.35178
2.20622 2.61434 -2.7855
2.39776 2.39912 -1.22335
## (position) Systeme au temps : 1.37
0 0 0
0.91499 0.0739467 -4.36561
2.20052 0.38555 -2.80371
2.39384 0.599556 -1.37044
0.0377743 0.65641 -4.77596
1.01255 0.943399 -6.1264
2.2713 0.760309 -5.16054
2.56859 0.758231 -2.45463
0.0373744 2.34081 -4.78106
1.01124 2.06068 -6.12405
2.26935 2.23792 -5.16623
2.57347 2.23773 -2.4477
0 3 0
0.914412 2.91821 -4.37596
2.20013 2.60655 -2.8336
2.39368 2.39536 -1.40298
## (position) Systeme au temps : 1.38
0 0 0
0.915321 0.0779609 -4.38899
2.19427 0.39328 -2.85232
2.38981 0.603162 -1.54545
0.0400835 0.65345 -4.80918
1.01292 0.93992 -6.19365
2.27517 0.757207 -5.19995
2.55965 0.762924 -2.49626
0.0396648 2.34373 -4.81438
1.01157 2.06421 -6.19125
2.27333 2.24097 -5.20559
2.56443 2.23321 -2.4882
0 3 0
0.914719 2.914 -4.39984
2.19393 2.5988 -2.88274
2.38964 2.39167 -1.57826
## (position) Systeme au temps : 1.39
0 0 0
0.915647 0.0821037 -4.41205
2.18791 0.400972 -2.90198
2.3858 0.606714 -1.71522
0.0424866 0.65061 -4.84202
1.0133 0.936317 -6.26065
2.27888 0.754246 -5.23911
2.55075 0.767727 -2.53905
0.0420488 2.34654 -4.84731
1.01192 2.06786 -6.25821
2.27716 2.24388 -5.24468
2.55542 2.22858 -2.52983
0 3 0
0.915019 2.90968 -4.42342
2.18761 2.59108 -2.93292
2.38561 2.38802 -1.74832
## (position) Systeme au temps : 1.4
0 0 0
0.915963 0.0863741 -4.43482
2.18145 0.40862 -2.95272
2.3818 0.610208 -1.87894
0.0449848 0.647892 -4.87448
1.01369 0.932591 -6.32737
2.28244 0.75143 -5.27802
2.5419 0.772644 -2.58302
0.0445277 2.34922 -4.87987
1.01228 2.07163 -6.32488
2.28083 2.24664 -5.28353
2.54644 2.22385 -2.57263
0 3 0
0.915309 2.90523 -4.44672
2.18118 2.58341 -2.98418
2.38159 2.38444 -1.91231
## (position) Systeme au temps : 1.41
0 0 0
0.916267 0.090771 -4.45732
2.17487 0.416217 -3.00455
2.37781 0.613642 -2.03581
0.0475788 0.645298 -4.90655
1.01408 0.928745 -6.39379
2.28583 0.748763 -5.31672
2.53311 0.77768 -2.6282
0.0471021 2.35178 -4.91204
1.01264 2.07551 -6.39126
2.28434 2.24925 -5.32214
2.53751 2.21901 -2.61663
0 3 0
0.915585 2.90065 -4.46974
2.17465 2.57579 -3.03652
2.37759 2.38092 -2.06945
## (position) Systeme au temps : 1.42
0 0 0
0.916554 0.0952927 -4.47955
2.16818 0.423757 -3.05747
2.37382 0.617008 -2.18512
0.0502694 0.642828 -4.93825
1.01449 0.924779 -6.45988
2.28906 0.74625 -5.35521
2.52439 0.782844 -2.67458
0.0497731 2.35422 -4.94383
1.01302 2.07951 -6.45732
2.28769 2.25171 -5.36053
2.52864 2.21406 -2.66183
0 3 0
0.915844 2.89596 -4.49252
2.168 2.56824 -3.08995
2.37359 2.37746 -2.21902
## (position) Systeme au temps : 1.43
0 0 0
0.91682 0.0999376 -4.50153
2.16138 0.431231 -3.1115
2.36983 0.620296 -2.3262
0.0530574 0.640484 -4.96958
1.0149 0.920696 -6.52561
2.2921 0.743894 -5.3935
2.51576 0.788149 -2.72218
0.0525413 2.35653 -4.97525
1.01341 2.08362 -6.52302
2.29087 2.25402 -5.39872
2.51984 2.20898 -2.70825
0 3 0
0.916081 2.89115 -4.51505
2.16126 2.56074 -3.14449
2.36958 2.37409 -2.36037
## (position) Systeme au temps : 1.44
0 0 0
0.917063 0.104704 -4.52328
2.15448 0.438634 -3.16663
2.36583 0.623492 -2.45848
0.0559432 0.638268 -5.00053
1.01533 0.916498 -6.59096
2.29497 0.7417 -5.43161
2.50725 0.79361 -2.771
0.0554072 2.35871 -5.00629
1.01381 2.08784 -6.58836
2.29387 2.25616 -5.43672
2.51113 2.20377 -2.75591
0 3 0
0.916294 2.88623 -4.53737
2.1544 2.55332 -3.20012
2.36557 2.37081 -2.49291
## (position) Systeme au temps : 1.45
0 0 0
0.917277 0.109588 -4.54482
2.14747 0.445959 -3.22288
2.3618 0.626579 -2.58147
0.0589273 0.63618 -5.03112
1.01577 0.912189 -6.65592
2.29766 0.739671 -5.46957
2.49886 0.799247 -2.82101
0.0583713 2.36078 -5.03696
1.01422 2.09217 -6.6533
2.29668 2.25814 -5.47454
2.50253 2.19841 -2.80478
0 3 0
0.916477 2.88119 -4.55948
2.14744 2.54598 -3.25685
2.36153 2.36764 -2.61616
## (position) Systeme au temps : 1.46
0 0 0
0.917459 0.11459 -4.56616
2.14035 0.453199 -3.28022
2.35773 0.629537 -2.69477
0.06201 0.634221 -5.06134
1.01622 0.90777 -6.72044
2.30015 0.73781 -5.50738
2.49063 0.805083 -2.87219
0.061434 2.36271 -5.06726
1.01464 2.0966 -6.71782
2.29931 2.25996 -5.51221
2.49407 2.19287 -2.85487
0 3 0
0.916627 2.87603 -4.58139
2.14037 2.53873 -3.31468
2.35745 2.36461 -2.72971
## (position) Systeme au temps : 1.47
0 0 0
0.917604 0.119704 -4.58731
2.13312 0.460347 -3.33864
2.35361 0.632343 -2.79807
0.0651915 0.632392 -5.09119
1.01668 0.903247 -6.78452
2.30245 0.736119 -5.54507
2.48257 0.811136 -2.92449
0.0645955 2.36451 -5.09719
1.01508 2.10113 -6.7819
2.30174 2.2616 -5.54974
2.48575 2.18714 -2.90613
0 3 0
0.916739 2.87078 -4.60314
2.13319 2.53156 -3.37358
2.35334 2.36173 -2.83326
## (position) Systeme au temps : 1.48
0 0 0
0.917708 0.124929 -4.60831
2.12579 0.467399 -3.39815
2.34945 0.634981 -2.89116
0.0684719 0.630694 -5.12069
1.01716 0.898622 -6.84813
2.30455 0.734603 -5.58264
2.47468 0.817419 -2.97787
0.0678559 2.36619 -5.12676
1.01553 2.10576 -6.84552
2.30398 2.26308 -5.58715
2.4776 2.18119 -2.95853
0 3 0
0.916809 2.86541 -4.62472
2.12591 2.5245 -3.43356
2.34918 2.35902 -2.9266
## (position) Systeme au temps : 1.49
0 0 0
0.917766 0.130262 -4.62915
2.11834 0.474352 -3.45871
2.34524 0.637439 -2.9739
0.071851 0.629125 -5.14983
1.01765 0.893899 -6.91123
2.30645 0.733263 -5.62014
2.46698 0.823938 -3.03228
0.0712153 2.36774 -5.15598
1.01599 2.11047 -6.90864
2.30601 2.26437 -5.62446
2.46962 2.17502 -3.012
0 3 0
0.916832 2.85995 -4.64617
2.11852 2.51753 -3.49459
2.34497 2.3565 -3.00959
## (position) Systeme au temps : 1.5
0 0 0
0.917775 0.135698 -4.64986
2.11079 0.481201 -3.5203
2.34098 0.639711 -3.04625
0.0753289 0.627687 -5.17861
1.01815 0.889083 -6.97382
2.30813 0.732102 -5.65756
2.45945 0.830691 -3.08768
0.0746734 2.36916 -5.18483
1.01647 2.11528 -6.97125
2.30784 2.2655 -5.66168
2.46182 2.16861 -3.06652
0 3 0
0.916805 2.85439 -4.66749
2.11102 2.51067 -3.55664
2.34072 2.35416 -3.08219
## (position) Systeme au temps : 1.51
0 0 0
0.917728 0.141234 -4.67046
2.10314 0.487948 -3.58291
2.33668 0.641794 -3.10825
0.0789051 0.62638 -5.20705
1.01867 0.884178 -7.03587
2.30961 0.731121 -5.69493
2.45209 0.837675 -3.14403
0.0782301 2.37045 -5.21334
1.01697 2.12017 -7.03333
2.30946 2.26644 -5.69885
2.45419 2.16197 -3.12203
0 3 0
0.916722 2.84874 -4.68869
2.10342 2.50391 -3.6197
2.33644 2.35202 -3.14443
## (position) Systeme au temps : 1.52
0 0 0
0.917622 0.146865 -4.69096
2.09539 0.494592 -3.6465
2.33236 0.643685 -3.15999
0.0825794 0.625203 -5.23514
1.0192 0.87919 -7.09735
2.31087 0.730322 -5.73228
2.4449 0.844884 -3.20133
0.0818851 2.37161 -5.24149
1.01748 2.12514 -7.09485
2.31086 2.2672 -5.73597
2.44673 2.15511 -3.17851
0 3 0
0.916578 2.84299 -4.70981
2.09573 2.49725 -3.68374
2.33213 2.35008 -3.19642
## (position) Systeme au temps : 1.53
0 0 0
0.917451 0.152589 -4.71138
2.08755 0.501136 -3.71105
2.328 0.64538 -3.20167
0.0863513 0.624155 -5.26289
1.01974 0.874123 -7.15824
2.31192 0.729707 -5.76962
2.43788 0.852312 -3.25957
0.0856379 2.37265 -5.2693
1.018 2.13018 -7.15579
2.31205 2.26778 -5.77307
2.43944 2.14802 -3.23594
0 3 0
0.916368 2.83716 -4.73084
2.08795 2.49069 -3.74873
2.32779 2.34834 -3.23833
## (position) Systeme au temps : 1.54
0 0 0
0.917211 0.1584 -4.73174
2.07964 0.507584 -3.77653
2.32362 0.646878 -3.23352
0.0902201 0.623237 -5.29029
1.0203 0.868982 -7.21852
2.31274 0.729278 -5.80697
2.43101 0.859949 -3.31876
0.0894879 2.37355 -5.29676
1.01855 2.13528 -7.21614
2.31302 2.26818 -5.81017
2.43231 2.14072 -3.29432
0 3 0
0.916088 2.83126 -4.75182
2.0801 2.48423 -3.81464
2.32343 2.3468 -3.27043
## (position) Systeme au temps : 1.55
0 0 0
0.916895 0.164294 -4.75204
2.07166 0.513941 -3.84289
2.31921 0.648181 -3.25589
0.0941853 0.622447 -5.31737
1.02088 0.863773 -7.27818
2.31335 0.729034 -5.84436
2.42429 0.86778 -3.3789
0.0934346 2.37434 -5.32389
1.01911 2.14045 -7.27586
2.31376 2.2684 -5.84729
2.42534 2.13321 -3.35365
0 3 0
0.915732 2.82527 -4.77274
2.07218 2.47786 -3.88143
2.31905 2.34546 -3.29304
## (position) Systeme au temps : 1.56
0 0 0
0.9165 0.170265 -4.77231
2.06363 0.520212 -3.91011
2.31479 0.649295 -3.26916
0.0982459 0.621784 -5.34411
1.02147 0.858503 -7.33718
2.31373 0.728977 -5.8818
2.41771 0.875783 -3.44002
0.0974771 2.37499 -5.35069
1.01968 2.14568 -7.33494
2.31428 2.26843 -5.88446
2.41851 2.12551 -3.41394
0 3 0
0.915296 2.81922 -4.79364
2.06421 2.47157 -3.94907
2.31466 2.34431 -3.30655
## (position) Systeme au temps : 1.57
0 0 0
0.916019 0.17631 -4.79256
2.05556 0.526403 -3.97815
2.31035 0.650235 -3.27383
0.102401 0.621247 -5.37053
1.02208 0.853176 -7.39552
2.31388 0.729108 -5.91932
2.41125 0.88393 -3.50211
0.101615 2.37553 -5.37715
1.02028 2.15096 -7.39336
2.31458 2.26827 -5.92168
2.41181 2.11765 -3.47521
0 3 0
0.914773 2.8131 -4.81451
2.05621 2.46537 -4.01753
2.31026 2.34333 -3.31146
## (position) Systeme au temps : 1.58
0 0 0
0.915448 0.182423 -4.81281
2.04747 0.532519 -4.04697
2.3059 0.651021 -3.27046
0.10665 0.620835 -5.39662
1.0227 0.8478 -7.45317
2.31381 0.729425 -5.95694
2.40489 0.892189 -3.56517
0.105846 2.37594 -5.40329
1.02089 2.15628 -7.4511
2.31465 2.26793 -5.95899
2.40523 2.10964 -3.53746
0 3 0
0.914158 2.80692 -4.83538
2.04818 2.45924 -4.08675
2.30585 2.34252 -3.30833
## (position) Systeme au temps : 1.59
0 0 0
0.91478 0.188598 -4.83306
2.03938 0.538567 -4.11652
2.30146 0.651676 -3.25968
0.110991 0.620547 -5.4224
1.02334 0.84238 -7.5101
2.3135 0.72993 -5.99468
2.39863 0.900526 -3.6292
0.110171 2.37623 -5.4291
1.02152 2.16164 -7.50814
2.31448 2.26741 -5.99641
2.39876 2.10153 -3.6007
0 3 0
0.913448 2.80068 -4.85626
2.04015 2.45317 -4.15669
2.30144 2.34184 -3.29778
## (position) Systeme au temps : 1.6
0 0 0
0.914011 0.19483 -4.85334
2.03129 0.544551 -4.18675
2.29702 0.652224 -3.2422
0.115424 0.62038 -5.44786
1.024 0.836924 -7.56632
2.31297 0.730623 -6.03256
2.39245 0.908911 -3.69417
0.114587 2.37639 -5.4546
1.02216 2.16703 -7.56446
2.31409 2.2667 -6.03396
2.39238 2.09334 -3.6649
0 3 0
0.912635 2.79439 -4.87716
2.03214 2.44718 -4.22732
2.29704 2.34126 -3.28053
## (position) Systeme au temps : 1.61
0 0 0
0.913136 0.201114 -4.87365
2.02323 0.550475 -4.25762
2.29259 0.652685 -3.21879
0.119947 0.620334 -5.47301
1.02467 0.831438 -7.62179
2.31221 0.731501 -6.0706
2.38634 0.917313 -3.76005
0.119094 2.37645 -5.47978
1.02282 2.17244 -7.62005
2.31347 2.26581 -6.07166
2.38609 2.08511 -3.73006
0 3 0
0.911715 2.78806 -4.89809
2.02414 2.44124 -4.29857
2.29265 2.34078 -3.25735
## (position) Systeme au temps : 1.62
0 0 0
0.912149 0.207444 -4.89401
2.01521 0.556344 -4.32907
2.28817 0.653078 -3.19029
0.124559 0.620406 -5.49785
1.02535 0.82593 -7.67649
2.31123 0.732565 -6.10883
2.38029 0.925708 -3.82681
0.12369 2.37638 -5.50465
1.0235 2.17787 -7.67489
2.31261 2.26473 -6.10953
2.37986 2.07688 -3.79613
0 3 0
0.910682 2.78169 -4.91906
2.01619 2.43536 -4.37041
2.28828 2.34036 -3.22907
## (position) Systeme au temps : 1.63
0 0 0
0.911045 0.213814 -4.91443
2.00724 0.562161 -4.40106
2.28376 0.653419 -3.15756
0.129257 0.620594 -5.52239
1.02605 0.820405 -7.73043
2.31001 0.733814 -6.14726
2.3743 0.934073 -3.8944
0.128375 2.3762 -5.52921
1.0242 2.18331 -7.72896
2.31153 2.26348 -6.14759
2.3737 2.06865 -3.86309
0 3 0
0.909533 2.77529 -4.94009
2.00828 2.42953 -4.44277
2.28391 2.34 -3.19657
## (position) Systeme au temps : 1.64
0 0 0
0.909819 0.220219 -4.93492
1.99933 0.567929 -4.47353
2.27937 0.653722 -3.12152
0.134042 0.620896 -5.54662
1.02676 0.814871 -7.78357
2.30856 0.735245 -6.18593
2.36837 0.942389 -3.96278
0.133145 2.37591 -5.55347
1.02491 2.18876 -7.78224
2.31021 2.26204 -6.18587
2.3676 2.06046 -3.93088
0 3 0
0.908261 2.76886 -4.96119
2.00044 2.42375 -4.5156
2.27956 2.33967 -3.16075
## (position) Systeme au temps : 1.65
0 0 0
0.908467 0.226653 -4.95548
1.9915 0.57365 -4.54643
2.27498 0.654 -3.08311
0.138911 0.62131 -5.57056
1.02749 0.809336 -7.83591
2.30689 0.736858 -6.22484
2.36248 0.950638 -4.03191
0.138001 2.37551 -5.57743
1.02563 2.1942 -7.83473
2.30866 2.26042 -6.22439
2.36156 2.05233 -3.99947
0 3 0
0.906863 2.76241 -4.98235
1.99268 2.41801 -4.58885
2.27521 2.33938 -3.12256
## (position) Systeme au temps : 1.66
0 0 0
0.906984 0.233111 -4.97613
1.98375 0.579327 -4.61969
2.2706 0.654263 -3.04329
0.143862 0.621833 -5.59421
1.02823 0.803807 -7.88742
2.30499 0.738651 -6.26402
2.35664 0.958803 -4.10173
0.142939 2.37501 -5.6011
1.02638 2.19963 -7.88641
2.30689 2.25863 -6.26317
2.35556 2.04426 -4.06881
0 3 0
0.905334 2.75595 -5.0036
1.985 2.41232 -4.66247
2.27088 2.33909 -3.08295
## (position) Systeme au temps : 1.67
0 0 0
0.905367 0.239585 -4.99687
1.97609 0.584961 -4.69328
2.26624 0.65452 -3.00302
0.148894 0.622463 -5.61757
1.02898 0.798291 -7.93811
2.30287 0.74062 -6.30348
2.35085 0.966871 -4.1722
0.147959 2.3744 -5.62447
1.02713 2.20504 -7.93727
2.30489 2.25666 -6.30222
2.34962 2.03629 -4.13884
0 3 0
0.903671 2.74947 -5.02493
1.97741 2.40668 -4.7364
2.26655 2.33881 -3.0429
## (position) Systeme au temps : 1.68
0 0 0
0.903611 0.246072 -5.01772
1.96854 0.590554 -4.76713
2.26187 0.654781 -2.96328
0.154005 0.623197 -5.64064
1.02974 0.792796 -7.98795
2.30053 0.742764 -6.34326
2.34509 0.974829 -4.24327
0.153059 2.37368 -5.64755
1.0279 2.21043 -7.98729
2.30266 2.25452 -6.34157
2.34372 2.02842 -4.20953
0 3 0
0.90187 2.74299 -5.04636
1.96992 2.40107 -4.81059
2.26222 2.33853 -3.00337
## (position) Systeme au temps : 1.69
0 0 0
0.901713 0.252566 -5.03866
1.9611 0.596107 -4.84119
2.25751 0.655053 -2.92503
0.159193 0.624032 -5.66343
1.03052 0.78733 -8.03693
2.29796 0.74508 -6.38337
2.33938 0.982665 -4.31488
0.158236 2.37287 -5.67034
1.02868 2.21579 -8.03646
2.30021 2.25222 -6.38124
2.33786 2.02067 -4.28082
0 3 0
0.899928 2.7365 -5.06788
1.96254 2.39551 -4.88498
2.2579 2.33824 -2.96533
## (position) Systeme au temps : 1.7
0 0 0
0.899672 0.25906 -5.05972
1.95378 0.601619 -4.91542
2.25315 0.655342 -2.88922
0.164456 0.624966 -5.68595
1.0313 0.781899 -8.08505
2.29518 0.747566 -6.42382
2.3337 0.990369 -4.387
0.16349 2.37196 -5.69286
1.02948 2.2211 -8.08477
2.29753 2.24974 -6.42125
2.33205 2.01304 -4.35265
0 3 0
0.897842 2.73003 -5.0895
1.95528 2.38999 -4.95953
2.25358 2.33793 -2.92972
## (position) Systeme au temps : 1.71
0 0 0
0.897486 0.265551 -5.08089
1.94657 0.607092 -4.98976
2.2488 0.655656 -2.85676
0.169791 0.625996 -5.70818
1.03209 0.776511 -8.1323
2.29218 0.750217 -6.46464
2.32806 0.997931 -4.45958
0.168817 2.37096 -5.71509
1.03028 2.22636 -8.13222
2.29464 2.2471 -6.46162
2.32628 2.00555 -4.42499
0 3 0
0.895613 2.72356 -5.11123
1.94814 2.38451 -5.03418
2.24926 2.3376 -2.89747
## (position) Systeme au temps : 1.72
0 0 0
0.895153 0.272033 -5.10217
1.93949 0.612526 -5.06416
2.24444 0.655998 -2.82855
0.175198 0.627118 -5.73015
1.03289 0.771175 -8.17866
2.28897 0.753031 -6.50584
2.32246 1.00534 -4.53256
0.174215 2.36987 -5.73705
1.03109 2.23157 -8.17879
2.29153 2.2443 -6.50236
2.32055 1.9982 -4.49778
0 3 0
0.893238 2.71711 -5.13306
1.94112 2.37906 -5.1089
2.24494 2.33724 -2.86947
## (position) Systeme au temps : 1.73
0 0 0
0.892673 0.278501 -5.12358
1.93254 0.617919 -5.13858
2.24008 0.656376 -2.80544
0.180674 0.62833 -5.75184
1.03369 0.765897 -8.22413
2.28555 0.756004 -6.54744
2.3169 1.0126 -4.6059
0.179684 2.36868 -5.75873
1.03192 2.23672 -8.22447
2.28821 2.24135 -6.5435
2.31486 1.99102 -4.57098
0 3 0
0.890717 2.71068 -5.155
1.93422 2.37366 -5.18363
2.24061 2.33684 -2.84656
## (position) Systeme au temps : 1.74
0 0 0
0.890047 0.284951 -5.1451
1.92571 0.623272 -5.21298
2.23571 0.656794 -2.78823
0.186216 0.629628 -5.77327
1.0345 0.760685 -8.2687
2.28193 0.759132 -6.58946
2.31137 1.01968 -4.67957
0.18522 2.36742 -5.78015
1.03275 2.2418 -8.26927
2.28468 2.23824 -6.58504
2.30921 1.98399 -4.64454
0 3 0
0.888053 2.70427 -5.17704
1.92745 2.3683 -5.25832
2.23628 2.33641 -2.82955
## (position) Systeme au temps : 1.75
0 0 0
0.887276 0.291379 -5.16674
1.91901 0.628584 -5.28732
2.23134 0.657255 -2.77765
0.191823 0.631009 -5.79443
1.03531 0.755546 -8.31237
2.27811 0.762412 -6.63191
2.30588 1.0266 -4.75351
0.190821 2.36607 -5.80129
1.03358 2.2468 -8.31316
2.28094 2.23499 -6.62702
2.3036 1.97713 -4.71842
0 3 0
0.885245 2.6979 -5.1992
1.92081 2.36299 -5.33295
2.23194 2.33593 -2.81917
## (position) Systeme au temps : 1.76
0 0 0
0.884363 0.297782 -5.1885
1.91245 0.633853 -5.36155
2.22696 0.657764 -2.7744
0.197491 0.63247 -5.81533
1.03612 0.750488 -8.35514
2.27409 0.765838 -6.6748
2.30043 1.03333 -4.8277
0.196485 2.36465 -5.82217
1.03442 2.25172 -8.35615
2.27701 2.23158 -6.66943
2.29803 1.97045 -4.79258
0 3 0
0.882296 2.69155 -5.22147
1.91429 2.35772 -5.40746
2.22759 2.3354 -2.81612
## (position) Systeme au temps : 1.77
0 0 0
0.88131 0.304154 -5.21038
1.90601 0.639077 -5.43565
2.22257 0.658325 -2.77909
0.203219 0.634008 -5.83597
1.03694 0.745517 -8.39698
2.26987 0.769408 -6.71816
2.29501 1.03988 -4.9021
0.20221 2.36315 -5.84279
1.03526 2.25654 -8.39824
2.27287 2.22804 -6.71231
2.2925 1.96395 -4.86698
0 3 0
0.879211 2.68524 -5.24384
1.9079 2.35249 -5.48183
2.22323 2.33483 -2.821
## (position) Systeme au temps : 1.78
0 0 0
0.878122 0.310494 -5.23238
1.89969 0.644256 -5.50957
2.21817 0.658941 -2.79225
0.209005 0.635618 -5.85635
1.03775 0.740642 -8.43792
2.26547 0.773116 -6.762
2.28962 1.04624 -4.97667
0.207993 2.36159 -5.86315
1.0361 2.26127 -8.43942
2.26854 2.22437 -6.75566
2.287 1.95764 -4.94158
0 3 0
0.875992 2.67897 -5.26632
1.90163 2.34731 -5.55602
2.21886 2.33419 -2.83436
## (position) Systeme au temps : 1.79
0 0 0
0.874803 0.316798 -5.2545
1.89349 0.649387 -5.58329
2.21376 0.659615 -2.81436
0.214845 0.637298 -5.87648
1.03855 0.735869 -8.47793
2.26089 0.776957 -6.80632
2.28428 1.05241 -5.0514
0.213832 2.35995 -5.88326
1.03694 2.26589 -8.47968
2.26403 2.22056 -6.79949
2.28155 1.95151 -5.01635
0 3 0
0.872645 2.67274 -5.28891
1.89547 2.34218 -5.63
2.21448 2.33351 -2.85666
## (position) Systeme au temps : 1.8
0 0 0
0.871358 0.323063 -5.27674
1.88741 0.654468 -5.65679
2.20934 0.66035 -2.84579
0.220737 0.639043 -5.89636
1.03935 0.731204 -8.51703
2.25613 0.780928 -6.85114
2.27896 1.05839 -5.12624
0.219724 2.35825 -5.90311
1.03777 2.27039 -8.51902
2.25933 2.21662 -6.84382
2.27613 1.94559 -5.09126
0 3 0
0.869175 2.66655 -5.3116
1.88942 2.33709 -5.70375
2.21008 2.33276 -2.88829
## (position) Systeme au temps : 1.81
0 0 0
0.867793 0.329287 -5.2991
1.88143 0.659498 -5.73003
2.20491 0.661147 -2.88684
0.22668 0.640852 -5.91599
1.04014 0.726655 -8.55521
2.25119 0.785022 -6.89647
2.27368 1.06416 -5.20119
0.225667 2.35649 -5.9227
1.0386 2.27478 -8.55746
2.25445 2.21256 -6.88866
2.27075 1.93986 -5.16629
0 3 0
0.865588 2.66041 -5.33441
1.88349 2.33207 -5.77723
2.20567 2.33195 -2.92953
## (position) Systeme au temps : 1.82
0 0 0
0.864115 0.335467 -5.32157
1.87556 0.664473 -5.80299
2.20046 0.662009 -2.93772
0.232669 0.642719 -5.93536
1.04092 0.722229 -8.59247
2.24609 0.789236 -6.94232
2.26843 1.06973 -5.27621
0.231658 2.35467 -5.94204
1.03943 2.27905 -8.59497
2.2494 2.20839 -6.93402
2.26541 1.93433 -5.24141
0 3 0
0.861891 2.65432 -5.35731
1.87765 2.3271 -5.85043
2.20124 2.33107 -2.98059
## (position) Systeme au temps : 1.83
0 0 0
0.860331 0.3416 -5.34417
1.86979 0.669391 -5.87567
2.196 0.662938 -2.99853
0.238703 0.644641 -5.95449
1.04169 0.717931 -8.62881
2.24082 0.793564 -6.9887
2.26322 1.07509 -5.3513
0.237695 2.3528 -5.96114
1.04024 2.28318 -8.63157
2.24418 2.2041 -6.97991
2.26011 1.92901 -5.3166
0 3 0
0.858089 2.64828 -5.38033
1.8719 2.32218 -5.92334
2.1968 2.33013 -3.04159
## (position) Systeme au temps : 1.84
0 0 0
0.856446 0.347686 -5.36689
1.86411 0.67425 -5.94804
2.19153 0.663934 -3.06931
0.244779 0.646615 -5.97338
1.04244 0.713768 -8.66424
2.2354 0.798001 -7.03562
2.25804 1.08025 -5.42644
0.243775 2.35087 -5.97998
1.04104 2.28718 -8.66726
2.2388 2.19971 -7.02634
2.25484 1.92389 -5.39185
0 3 0
0.854191 2.64229 -5.40345
1.86624 2.31733 -5.99593
2.19235 2.32913 -3.11256
## (position) Systeme au temps : 1.85
0 0 0
0.85247 0.353722 -5.38973
1.85851 0.679047 -6.0201
2.18705 0.665 -3.15
0.250895 0.648638 -5.99202
1.04317 0.709746 -8.69875
2.22983 0.802543 -7.08308
2.2529 1.08519 -5.50163
0.249896 2.34891 -5.99858
1.04182 2.29103 -8.70204
2.23327 2.19521 -7.07332
2.24961 1.91898 -5.46714
0 3 0
0.850203 2.63636 -5.42668
1.86066 2.31254 -6.06819
2.18788 2.32805 -3.19343
## (position) Systeme au temps : 1.86
0 0 0
0.848409 0.359706 -5.41269
1.85299 0.683781 -6.09183
2.18255 0.666135 -3.24043
0.257047 0.650705 -6.01042
1.04389 0.70587 -8.73236
2.22412 0.807182 -7.1311
2.24779 1.08993 -5.57686
0.256054 2.34689 -6.01694
1.04259 2.29474 -8.73592
2.22758 2.19062 -7.12085
2.24441 1.91428 -5.54247
0 3 0
0.846134 2.63048 -5.45002
1.85516 2.30781 -6.14012
2.18339 2.32691 -3.28405
## (position) Systeme au temps : 1.87
0 0 0
0.84427 0.365636 -5.43577
1.84753 0.688448 -6.16322
2.17803 0.66734 -3.34036
0.263233 0.652813 -6.02857
1.04458 0.702147 -8.76507
2.21826 0.811915 -7.17967
2.24271 1.09446 -5.65212
0.262247 2.34484 -6.03505
1.04334 2.29829 -8.76889
2.22176 2.18594 -7.16894
2.23926 1.90979 -5.61782
0 3 0
0.84199 2.62466 -5.47346
1.84971 2.30315 -6.21171
2.17889 2.32569 -3.38416
## (position) Systeme au temps : 1.88
0 0 0
0.840063 0.371511 -5.45898
1.84214 0.693046 -6.23429
2.1735 0.668616 -3.44947
0.26945 0.654959 -6.04649
1.04525 0.698581 -8.79688
2.21227 0.816737 -7.2288
2.23766 1.09878 -5.72742
0.268472 2.34276 -6.05291
1.04407 2.30168 -8.80097
2.21579 2.18117 -7.2176
2.23413 1.90551 -5.6932
0 3 0
0.83778 2.6189 -5.49702
1.84432 2.29857 -6.28296
2.17437 2.32441 -3.49345
## (position) Systeme au temps : 1.89
0 0 0
0.835793 0.377329 -5.48231
1.83679 0.697574 -6.30502
2.16896 0.669961 -3.56733
0.275696 0.657138 -6.06416
1.04588 0.695178 -8.8278
2.20616 0.821641 -7.27849
2.23265 1.1029 -5.80276
0.274727 2.34063 -6.07054
1.04477 2.3049 -8.83216
2.20969 2.17632 -7.26682
2.22905 1.90143 -5.76861
0 3 0
0.833511 2.6132 -5.52068
1.83898 2.29405 -6.35386
2.16984 2.32306 -3.61149
## (position) Systeme au temps : 1.9
0 0 0
0.83147 0.383088 -5.50576
1.83149 0.702028 -6.37542
2.16441 0.671375 -3.69345
0.281967 0.659348 -6.0816
1.04649 0.691943 -8.85784
2.19993 0.826623 -7.32875
2.22767 1.1068 -5.87815
0.281009 2.33849 -6.08793
1.04544 2.30796 -8.86246
2.20347 2.17139 -7.31662
2.224 1.89757 -5.84404
0 3 0
0.82919 2.60757 -5.54446
1.83368 2.28961 -6.42443
2.16529 2.32164 -3.73779
## (position) Systeme au temps : 1.91
0 0 0
0.8271 0.388788 -5.52935
1.82623 0.706408 -6.44549
2.15984 0.672858 -3.82726
0.288262 0.661585 -6.09879
1.04707 0.688879 -8.88701
2.19358 0.831677 -7.37958
2.22273 1.1105 -5.95359
0.287315 2.33631 -6.10507
1.04608 2.31085 -8.8919
2.19713 2.16639 -7.367
2.21899 1.89391 -5.91951
0 3 0
0.824826 2.602 -5.56835
1.82842 2.28524 -6.49466
2.16073 2.32016 -3.87178
## (position) Systeme au temps : 1.92
0 0 0
0.822691 0.394426 -5.55306
1.82099 0.71071 -6.51525
2.15526 0.674407 -3.96813
0.294576 0.663845 -6.11575
1.0476 0.685992 -8.91531
2.18713 0.836799 -7.43099
2.21782 1.114 -6.0291
0.293641 2.33411 -6.12198
1.04669 2.31356 -8.92046
2.19068 2.16133 -7.41796
2.21401 1.89045 -5.99502
0 3 0
0.820424 2.59649 -5.59235
1.82317 2.28095 -6.56457
2.15615 2.31861 -4.01282
## (position) Systeme au temps : 1.93
0 0 0
0.818249 0.400001 -5.5769
1.81577 0.714933 -6.58471
2.15066 0.67602 -4.11534
0.300907 0.666126 -6.13248
1.0481 0.683285 -8.94276
2.18058 0.841982 -7.48296
2.21294 1.11729 -6.1047
0.299987 2.3319 -6.13864
1.04726 2.31608 -8.94817
2.18412 2.1562 -7.46949
2.20906 1.8872 -6.07059
0 3 0
0.815994 2.59105 -5.61647
1.81795 2.27675 -6.63417
2.15157 2.31699 -4.16021
## (position) Systeme au temps : 1.94
0 0 0
0.813783 0.405511 -5.60087
1.81057 0.719076 -6.65387
2.14606 0.677697 -4.26813
0.307253 0.668423 -6.14896
1.04855 0.680762 -8.96936
2.17393 0.847223 -7.5355
2.20809 1.12039 -6.18039
0.306347 2.32966 -6.15507
1.04779 2.31843 -8.97504
2.17747 2.15103 -7.5216
2.20416 1.88414 -6.14622
0 3 0
0.811541 2.58568 -5.6407
1.81273 2.27262 -6.70346
2.14696 2.31532 -4.31317
## (position) Systeme au temps : 1.95
0 0 0
0.8093 0.410956 -5.62497
1.80537 0.723137 -6.72276
2.14145 0.679432 -4.4257
0.31361 0.670733 -6.16521
1.04896 0.678426 -8.99514
2.1672 0.852515 -7.58862
2.20328 1.12329 -6.25619
0.312721 2.32742 -6.17126
1.04827 2.32058 -9.00106
2.17072 2.1458 -7.5743
2.19928 1.88128 -6.22194
0 3 0
0.807073 2.58037 -5.66505
1.80751 2.26858 -6.77247
2.14235 2.31358 -4.47091
## (position) Systeme au temps : 1.96
0 0 0
0.804804 0.416334 -5.64921
1.80016 0.727114 -6.79138
2.13683 0.681225 -4.58717
0.319976 0.673053 -6.18121
1.04931 0.676281 -9.02009
2.16038 0.857854 -7.6423
2.1985 1.12601 -6.33212
0.319104 2.32517 -6.18721
1.04871 2.32255 -9.02627
2.16388 2.14052 -7.62757
2.19445 1.87861 -6.29776
0 3 0
0.802596 2.57514 -5.68952
1.80228 2.26462 -6.84121
2.13773 2.3118 -4.63255
## (position) Systeme au temps : 1.97
0 0 0
0.800305 0.421643 -5.67358
1.79494 0.731006 -6.85976
2.1322 0.683069 -4.75166
0.326348 0.67538 -6.19699
1.04962 0.674329 -9.04423
2.15349 0.863235 -7.69656
2.19376 1.12854 -6.4082
0.325494 2.32291 -6.20293
1.0491 2.32432 -9.05066
2.15697 2.13521 -7.68141
2.18965 1.87613 -6.37369
0 3 0
0.798116 2.56998 -5.7141
1.79704 2.26074 -6.90969
2.1331 2.30996 -4.79721
## (position) Systeme au temps : 1.98
0 0 0
0.795806 0.426882 -5.69809
1.7897 0.734813 -6.92792
2.12756 0.684962 -4.91825
0.332723 0.677711 -6.21252
1.04987 0.672573 -9.06758
2.14653 0.868653 -7.75137
2.18905 1.13089 -6.48446
0.331888 2.32064 -6.2184
1.04943 2.32589 -9.07426
2.14999 2.12986 -7.73583
2.18488 1.87383 -6.44976
0 3 0
0.79364 2.56489 -5.73881
1.79178 2.25696 -6.97794
2.12846 2.30807 -4.96397
## (position) Systeme au temps : 1.99
0 0 0
0.791316 0.432051 -5.72273
1.78444 0.738532 -6.99587
2.12292 0.686897 -5.08599
0.339098 0.680043 -6.22782
1.05005 0.671014 -9.09014
2.13952 0.874104 -7.80674
2.18437 1.13307 -6.5609
0.338283 2.31838 -6.23364
1.04971 2.32727 -9.09707
2.14294 2.12447 -7.79082
2.18015 1.87171 -6.52598
0 3 0
0.789174 2.55987 -5.76364
1.78648 2.25326 -7.04598
2.12382 2.30614 -5.13187
## (position) Systeme au temps : 2
0 0 0
0.786839 0.437146 -5.74751
1.77914 0.742164 -7.06363
2.11828 0.68887 -5.25393
0.34547 0.682372 -6.24287
1.05018 0.669655 -9.11194
2.13244 0.879583 -7.86267
2.17973 1.13509 -6.63755
0.344677 2.31612 -6.24863
1.04993 2.32845 -9.11911
2.13583 2.11906 -7.84638
2.17546 1.86975 -6.60238
0 3 0
0.784724 2.55493 -5.78858
1.78115 2.24965 -7.11382
2.11917 2.30418 -5.29997
