## (position) Systeme au temps : 0.01
0 0 0
1 0 -0.000981
2 0 -0.000981
3 0 0
0 1 -0.000981
1 1 -0.000981
2 1 -0.000981
3 1 -0.000981
0 2 -0.000981
1 2 -0.000981
2 2 -0.000981
3 2 -0.000981
0 3 0
1 3 -0.000981
2 3 -0.000981
3 3 0
## (position) Systeme au temps : 0.02
0 0 0
1 0 -0.00293358
2 0 -0.00293358
3 1.53978e-10 0.00090344
0 1 -0.00293358
1 1 -0.00293358
2 1 -0.00293358
3 1 -0.00293358
0 2 -0.00293358
1 2 -0.00293358
2 2 -0.00293358
3 2 -0.00293358
0 3 0
1 3 -0.00293358
2 3 -0.00293358
3 3 0.00090344
## (position) Systeme au temps : 0.03
0 0 0
1 0 -0.00584842
2 3.62696e-19 -0.00584842
3 2.66199e-09 0.00359707
0 1 -0.00584842
1 1 -0.00584842
2 1 -0.00584842
3 1 -0.00584842
0 2 -0.00584842
1 2 -0.00584842
2 2 -0.00584842
3 2 -0.00584842
0 3 0
1 3 -0.00584842
2 3 -0.00584842
3 3 0.00359707
## (position) Systeme au temps : 0.04
0 0 0
1 5.04311e-31 -0.00971628
2 3.87141e-17 -0.00971628
3 1.9418e-08 0.00894315
0 1 -0.00971628
1 1 -0.00971628
2 1 -0.00971628
3 1 -0.00971628
0 2 -0.00971628
1 2 -0.00971628
2 2 -0.00971628
3 2 -0.00971628
0 3 0
1 3 -0.00971628
2 3 -0.00971628
3 3 0.00894315
## (position) Systeme au temps : 0.05
0 0 0
1 3.48934e-28 -0.014528
2 1.15798e-15 -0.014528
3 9.16941e-08 0.0177719
0 1 -0.014528
1 1 -0.014528
2 1 -0.014528
3 1 -0.014528
0 2 -0.014528
1 2 -0.014528
2 2 -0.014528
3 2 -0.014528
0 3 0
1 3 -0.014528
2 3 -0.014528
3 3 0.0177719
## (position) Systeme au temps : 0.06
0 0 0
1 1.42109e-19 -0.0202745
2 1.75562e-14 -0.0202745
3 3.30013e-07 0.0308742
1.42109e-19 1 -0.0202745
1 1 -0.0202745
2 1 -0.0202745
3 1 -0.0202745
1.42109e-19 2 -0.0202745
1 2 -0.0202745
2 2 -0.0202745
3 2 -0.0202745
0 3 0
1 3 -0.0202745
2 3 -0.0202745
3 3 0.0308742
## (position) Systeme au temps : 0.07
0 0 0
1 1.41972e-18 -0.0269469
2 1.71609e-13 -0.0269469
3 9.83604e-07 0.0489946
1.41972e-18 1 -0.0269469
1 1 -0.0269469
2 1 -0.0269469
3 0.999999 -0.0269469
1.41972e-18 2 -0.0269469
1 2 -0.0269469
2 2 -0.0269469
3 2 -0.0269469
0 3 0
1 3 -0.0269469
2 3 -0.0269469
3 3 0.0489946
## (position) Systeme au temps : 0.08
0 0 0
1 9.50635e-18 -0.0345362
2 1.22737e-12 -0.0345361
3 2.54906e-06 0.0728248
9.50628e-18 1 -0.0345362
1 1 -0.0345362
2 1 -0.0345362
3 0.999997 -0.0345361
9.50628e-18 2 -0.0345362
1 2 -0.0345362
2 2 -0.0345362
3 2 -0.0345361
0 3 0
1 3 -0.0345362
2 3 -0.0345361
3 3 0.0728248
## (position) Systeme au temps : 0.09
0 0 0
0.999999 4.87093e-17 -0.0430336
2.00001 6.93032e-12 -0.0430332
2.99999 5.92629e-06 0.102998
4.87791e-17 0.999999 -0.0430336
1 1 -0.0430337
2 1 -0.0430337
3 0.999994 -0.0430332
4.87791e-17 2 -0.0430336
1 2 -0.0430337
2 2 -0.0430337
3 2.00001 -0.0430332
0 3 0
0.999999 3 -0.0430336
2.00001 3 -0.0430332
2.99999 2.99999 0.102998
## (position) Systeme au temps : 0.1
0 0 0
0.999998 2.07135e-16 -0.0524305
2.00001 3.24629e-11 -0.0524293
2.99999 1.26258e-05 0.140081
2.07614e-16 0.999998 -0.0524305
1 1 -0.0524305
2 1 -0.0524305
3 0.999987 -0.0524293
2.07614e-16 2 -0.0524305
1 2 -0.0524305
2 2 -0.0524305
3 2.00001 -0.0524293
0 3 0
0.999998 3 -0.0524305
2.00001 3 -0.0524293
2.99999 2.99999 0.140081
## (position) Systeme au temps : 0.11
0 0 0
0.999997 7.61808e-16 -0.0627181
2.00003 1.30516e-10 -0.0627151
2.99997 2.50228e-05 0.184572
7.64605e-16 0.999997 -0.0627181
1 1 -0.0627182
2 1 -0.0627182
3 0.999975 -0.0627151
7.64605e-16 2 -0.0627181
1 2 -0.0627182
2 2 -0.0627182
3 2.00002 -0.0627151
0 3 0
0.999997 3 -0.0627181
2.00003 3 -0.0627151
2.99997 2.99997 0.184572
## (position) Systeme au temps : 0.12
0 0 0
0.999996 2.49245e-15 -0.0738879
2.00005 4.61462e-10 -0.0738808
2.99995 4.66426e-05 0.236895
2.50527e-15 0.999996 -0.0738879
1 1 -0.0738881
2 1 -0.0738881
3 0.999953 -0.0738808
2.50527e-15 2 -0.0738879
1 2 -0.0738881
2 2 -0.0738881
3 2.00005 -0.0738808
0 3 0
0.999996 3 -0.0738879
2.00005 3 -0.0738808
2.99995 2.99995 0.236895
## (position) Systeme au temps : 0.13
0 0 0
0.999993 7.40088e-15 -0.0859315
2.00008 1.46066e-09 -0.0859159
2.99992 8.24436e-05 0.297393
7.44962e-15 0.999993 -0.0859315
1 1 -0.0859318
2 1 -0.0859318
3 0.999918 -0.0859159
7.44962e-15 2.00001 -0.0859315
1 2 -0.0859318
2 2 -0.0859318
3 2.00008 -0.0859159
0 3 0
0.999993 3 -0.0859315
2.00008 3 -0.0859159
2.99992 2.99992 0.297393
## (position) Systeme au temps : 0.14
0 0 0
0.999989 2.02498e-14 -0.0988403
2.00014 4.19505e-09 -0.0988083
2.99986 0.000139052 0.366326
2.04054e-14 0.999989 -0.0988403
1 1 -0.0988408
2 1 -0.0988408
3 0.999861 -0.0988083
2.04054e-14 2.00001 -0.0988403
1 2 -0.0988408
2 2 -0.0988408
3 2.00014 -0.0988083
0 3 0
0.999989 3 -0.0988403
2.00014 3 -0.0988083
2.99986 2.99986 0.366326
## (position) Systeme au temps : 0.15
0 0 0
0.999984 5.1679e-14 -0.112606
2.00022 1.10466e-08 -0.112544
2.99978 0.000224889 0.443869
5.2086e-14 0.999984 -0.112606
1 1 -0.112607
2 1 -0.112607
3 0.999776 -0.112544
5.2086e-14 2.00002 -0.112606
1 2 -0.112607
2 2 -0.112607
3 2.00022 -0.112544
0 3 0
0.999984 3 -0.112606
2.00022 3 -0.112544
2.99978 2.99978 0.443869
## (position) Systeme au temps : 0.16
0 0 0
0.999977 1.24263e-13 -0.12722
2.00035 2.68947e-08 -0.127107
2.99965 0.00035015 0.530104
1.25047e-13 0.999977 -0.12722
1 1 -0.127222
2 1 -0.127222
3 0.999651 -0.127107
1.25047e-13 2.00002 -0.12722
1 2 -0.127222
2 2 -0.127222
3 2.00035 -0.127107
0 3 0
0.999977 3 -0.12722
2.00035 3 -0.127107
2.99965 2.99965 0.530104
## (position) Systeme au temps : 0.17
0 0 0
0.999968 2.83964e-13 -0.142675
2.00053 6.09682e-08 -0.142476
2.99947 0.000526606 0.625023
2.84488e-13 0.999967 -0.142675
1 1 -0.142678
2 1 -0.142678
3 0.999475 -0.142476
2.84488e-13 2.00003 -0.142675
1 2 -0.142678
2 2 -0.142678
3 2.00053 -0.142476
0 3 0
0.999968 3 -0.142675
2.00053 3 -0.142476
2.99947 2.99947 0.625023
## (position) Systeme au temps : 0.18
0 0 0
0.999955 6.21402e-13 -0.158962
2.00077 1.29487e-07 -0.158628
2.99923 0.000767243 0.728525
6.17125e-13 0.999954 -0.158962
1 1 -0.158966
2 1 -0.158966
3 0.999235 -0.158628
6.17125e-13 2.00005 -0.158962
1 2 -0.158966
2 2 -0.158966
3 2.00077 -0.158628
0 3 0
0.999955 3 -0.158962
2.00077 3 -0.158628
2.99923 2.99923 0.728525
## (position) Systeme au temps : 0.19
0 0 0
0.999939 1.31088e-12 -0.176073
2.00108 2.59108e-07 -0.175535
2.99891 0.0010858 0.840415
1.28305e-12 0.999938 -0.176073
1 1 -0.176079
2 1 -0.176079
3 0.998918 -0.175535
1.28305e-12 2.00006 -0.176073
1 2 -0.176079
2 2 -0.176079
3 2.00108 -0.175535
0 3 0
0.999939 3 -0.176073
2.00108 3 -0.175535
2.99891 2.99891 0.840415
## (position) Systeme au temps : 0.2
0 0 0
0.999919 2.6811e-12 -0.194
2.00149 4.91072e-07 -0.193163
2.9985 0.00149628 0.960406
2.5678e-12 0.999917 -0.194
1 1 -0.194008
2 1 -0.194008
3 0.998509 -0.193163
2.5678e-12 2.00008 -0.194
1 2 -0.194008
2 2 -0.194008
3 2.00149 -0.193163
0 3 0
0.999919 3 -0.194
2.00149 3 -0.193163
2.9985 2.9985 0.960406
## (position) Systeme au temps : 0.21
0 0 0
0.999894 5.34127e-12 -0.212734
2.00201 8.85845e-07 -0.211477
2.99799 0.00201244 1.08812
4.96518e-12 0.99989 -0.212734
1 1 -0.212747
2 1 -0.212747
3 0.997995 -0.211477
4.96518e-12 2.00011 -0.212734
1 2 -0.212747
2 2 -0.212747
3 2.002 -0.211477
0 3 0
0.999894 3 -0.212734
2.00201 3 -0.211477
2.99799 2.99799 1.08812
## (position) Systeme au temps : 0.22
0 0 0
0.999862 1.04011e-11 -0.232269
2.00264 1.52801e-06 -0.230433
2.99735 0.00264747 1.2231
9.30567e-12 0.999856 -0.232269
1 1 -0.232287
2 1 -0.232287
3 0.997364 -0.230433
9.30567e-12 2.00014 -0.232269
1 2 -0.232287
2 2 -0.232287
3 2.00264 -0.230433
0 3 0
0.999862 3 -0.232269
2.00264 3 -0.230433
2.99735 2.99735 1.2231
## (position) Systeme au temps : 0.23
0 0 0
0.999824 1.98438e-11 -0.252594
2.00341 2.53117e-06 -0.249988
2.99659 0.00341361 1.36479
1.69509e-11 0.999815 -0.252594
1 1 -0.25262
2 1 -0.25262
3 0.996603 -0.249988
1.69509e-11 2.00018 -0.252594
1 2 -0.25262
2 2 -0.25262
3 2.0034 -0.249988
0 3 0
0.999824 3 -0.252594
2.00341 3 -0.249988
2.99659 2.99659 1.36479
## (position) Systeme au temps : 0.24
0 0 0
0.999777 3.71409e-11 -0.273704
2.00431 4.04261e-06 -0.270091
2.99568 0.00432206 1.51257
3.00823e-11 0.999765 -0.273704
1 1 -0.273739
2 1 -0.273739
3 0.995701 -0.270091
3.00823e-11 2.00024 -0.273704
1 2 -0.273739
2 2 -0.273739
3 2.0043 -0.270091
0 3 0
0.999777 3 -0.273704
2.00431 3 -0.270091
2.99568 2.99568 1.51257
## (position) Systeme au temps : 0.25
0 0 0
0.999721 6.82305e-11 -0.295588
2.00537 6.2477e-06 -0.290692
2.99462 0.0053828 1.66575
5.21214e-11 0.999704 -0.295588
1 1 -0.295636
2 1 -0.295636
2.99999 0.994648 -0.290692
5.21214e-11 2.0003 -0.295588
1 2 -0.295636
2 2 -0.295636
2.99999 2.00535 -0.290692
0 3 0
0.999721 3 -0.295588
2.00537 2.99999 -0.290692
2.99462 2.99462 1.66575
## (position) Systeme au temps : 0.26
0 0 0
0.999655 1.2303e-10 -0.31824
2.00659 9.37384e-06 -0.311736
2.9934 0.00660459 1.82356
8.83305e-11 0.99963 -0.31824
1 1 -0.318304
2 1 -0.318304
2.99999 0.993438 -0.311736
8.83305e-11 2.00037 -0.31824
1 2 -0.318304
2 2 -0.318304
2.99999 2.00656 -0.311736
0 3 0
0.999655 3 -0.31824
2.00659 2.99999 -0.311736
2.9934 2.9934 1.82356
## (position) Systeme au temps : 0.27
0 0 0
0.999576 2.177e-10 -0.34165
2.00797 1.36941e-05 -0.333166
2.99201 0.00799498 1.9852
1.46659e-10 0.999543 -0.34165
1 1 -0.341735
2 1 -0.341735
2.99999 0.992061 -0.333166
1.46659e-10 2.00046 -0.34165
1 2 -0.341735
2 2 -0.341735
2.99999 2.00794 -0.333166
0 3 0
0.999576 3 -0.34165
2.00797 2.99999 -0.333166
2.99201 2.99201 1.9852
## (position) Systeme au temps : 0.28
0 0 0
0.999483 3.77945e-10 -0.365811
2.00953 1.95302e-05 -0.354924
2.99044 0.00956035 2.14978
2.38914e-10 0.99944 -0.365811
1 1 -0.365922
2 1 -0.365922
2.99998 0.990513 -0.354923
2.38914e-10 2.00056 -0.365811
1 2 -0.365922
2 2 -0.365922
2.99998 2.00949 -0.354923
0 3 0
0.999483 3 -0.365811
2.00953 2.99998 -0.354924
2.99044 2.99044 2.14978
## (position) Systeme au temps : 0.29
0 0 0
0.999376 6.43699e-10 -0.390713
2.01127 2.7256e-05 -0.37695
2.98869 0.011306 2.3164
3.82365e-10 0.999318 -0.390713
1 1 -0.390858
2 1 -0.390858
2.99997 0.988788 -0.37695
3.82365e-10 2.00068 -0.390713
1 2 -0.390858
2 2 -0.390858
2.99997 2.01121 -0.37695
0 3 0
0.999376 3 -0.390713
2.01127 2.99997 -0.37695
2.98869 2.98869 2.3164
## (position) Systeme au temps : 0.3
0 0 0
0.999251 1.07563e-09 -0.416349
2.01319 3.72995e-05 -0.399185
2.98676 0.0132361 2.48411
6.01908e-10 0.999177 -0.41635
1 1 -0.416536
2 1 -0.416536
2.99996 0.986884 -0.399185
6.01908e-10 2.00082 -0.41635
1 2 -0.416536
2 2 -0.416536
2.99996 2.01312 -0.399185
0 3 0
0.999251 3 -0.416349
2.01319 2.99996 -0.399185
2.98676 2.98676 2.48411
## (position) Systeme au temps : 0.31
0 0 0
0.999108 1.76397e-09 -0.44271
2.0153 5.01461e-05 -0.421568
2.98465 0.0153541 2.65194
9.3294e-10 0.999013 -0.442711
1 1 -0.442948
2 1 -0.442948
2.99995 0.984797 -0.421568
9.3294e-10 2.00099 -0.442711
1 2 -0.442948
2 2 -0.442948
2.99995 2.0152 -0.421568
0 3 0
0.999108 3 -0.44271
2.0153 2.99995 -0.421568
2.98465 2.98465 2.65194
## (position) Systeme au temps : 0.32
0 0 0
0.998944 2.84032e-09 -0.469786
2.01759 6.63412e-05 -0.444039
2.98234 0.0176623 2.8189
1.42517e-09 0.998824 -0.469787
1 1 -0.470088
2 0.999999 -0.470088
2.99993 0.982526 -0.444038
1.42517e-09 2.00118 -0.469787
1 2 -0.470088
2 2 -0.470088
2.99993 2.01747 -0.444038
0 3 0
0.998944 3 -0.469786
2.01759 2.99993 -0.444039
2.98234 2.98234 2.8189
## (position) Systeme au temps : 0.33
0 0 0
0.998758 4.4932e-09 -0.49757
2.02008 8.64928e-05 -0.466538
2.97984 0.0201624 2.98398
2.14755e-09 0.998608 -0.497571
1 1 -0.497948
2 0.999999 -0.497948
2.99991 0.98007 -0.466537
2.14755e-09 2.00139 -0.497571
1 2 -0.497948
2 2 -0.497948
2.99991 2.01993 -0.466537
0 3 0
0.998758 3 -0.49757
2.02008 2.99991 -0.466538
2.97984 2.97984 2.98398
## (position) Systeme au temps : 0.34
0 0 0
0.998547 6.98806e-09 -0.52605
2.02275 0.000111275 -0.489007
2.97715 0.0228553 3.14619
3.1947e-09 0.998362 -0.526053
1 1 -0.526522
2 0.999998 -0.526522
2.99989 0.977429 -0.489005
3.1947e-09 2.00164 -0.526053
1 2 -0.526522
2 2 -0.526522
2.99989 2.02257 -0.489005
0 3 0
0.998547 3 -0.52605
2.02275 2.99989 -0.489007
2.97715 2.97714 3.14619
## (position) Systeme au temps : 0.35
0 0 0
0.99831 1.06931e-08 -0.555219
2.02562 0.000141432 -0.511387
2.97426 0.0257412 3.30453
4.69504e-09 0.998082 -0.555223
1 1 -0.555802
2 0.999997 -0.555802
2.99986 0.974603 -0.511384
4.69504e-09 2.00192 -0.555223
1 2 -0.555802
2 2 -0.555802
2.99986 2.0254 -0.511384
0 3 0
0.99831 3 -0.555219
2.02562 2.99986 -0.511387
2.97426 2.97426 3.30453
## (position) Systeme au temps : 0.36
0 0 0
0.998045 1.61118e-08 -0.585067
2.02868 0.00017778 -0.533624
2.97118 0.0288197 3.45802
6.82116e-09 0.997767 -0.585071
1 1 -0.585783
2 0.999996 -0.585782
2.99982 0.971595 -0.533619
6.82116e-09 2.00223 -0.585071
1 2 -0.585783
2 2 -0.585782
2.99982 2.02841 -0.533619
0 3 0
0.998045 3 -0.585067
2.02868 2.99982 -0.533624
2.97118 2.97118 3.45802
## (position) Systeme au temps : 0.37
0 0 0
0.997749 2.3924e-08 -0.615582
2.03192 0.000221216 -0.555662
2.96791 0.0320898 3.60573
9.80282e-09 0.997413 -0.615589
1 1 -0.616456
2.00001 0.999994 -0.616456
2.99978 0.968405 -0.555656
9.80282e-09 2.00259 -0.615589
1 2 -0.616456
2.00001 2.00001 -0.616456
2.99978 2.0316 -0.555656
0 3 0
0.997749 3 -0.615582
2.03192 2.99978 -0.555662
2.96791 2.96791 3.60573
## (position) Systeme au temps : 0.38
0 0 0
0.99742 3.50365e-08 -0.646757
2.03535 0.000272719 -0.577451
2.96445 0.0355502 3.74672
1.39431e-08 0.997017 -0.646766
1 1 -0.647816
2.00001 0.999992 -0.647816
2.99973 0.965037 -0.577442
1.39431e-08 2.00298 -0.646766
1 2 -0.647816
2.00001 2.00001 -0.647816
2.99973 2.03496 -0.577442
0 3 0
0.99742 3 -0.646757
2.03535 2.99973 -0.577451
2.96445 2.96445 3.74672
## (position) Systeme au temps : 0.39
0 0 0
0.997056 5.06462e-08 -0.678579
2.03897 0.000333359 -0.598942
2.9608 0.0391987 3.88014
1.96386e-08 0.996577 -0.678592
1 1 -0.679856
2.00001 0.999989 -0.679855
2.99967 0.961493 -0.59893
1.96386e-08 2.00342 -0.678592
1 2 -0.679856
2.00001 2.00001 -0.679855
2.99967 2.03851 -0.59893
0 3 0
0.997056 3 -0.678579
2.03897 2.99967 -0.598942
2.9608 2.9608 3.88014
## (position) Systeme au temps : 0.4
0 0 0
0.996656 7.23176e-08 -0.711039
2.04277 0.000404302 -0.620089
2.95697 0.0430331 4.00514
2.74038e-08 0.996088 -0.711056
1 1 -0.712569
2.00002 0.999984 -0.712568
2.9996 0.957778 -0.620073
2.74038e-08 2.00391 -0.711056
1 2 -0.712569
2.00002 2.00002 -0.712568
2.9996 2.04222 -0.620073
0 3 0
0.996656 3 -0.711039
2.04277 2.9996 -0.620089
2.95697 2.95697 4.00514
## (position) Systeme au temps : 0.41
0 0 0
0.996218 1.02077e-07 -0.744125
2.04674 0.000486822 -0.64085
2.95295 0.0470506 4.12097
3.7901e-08 0.995548 -0.744148
1 1 -0.74595
2.00002 0.999978 -0.745948
2.99951 0.953894 -0.640827
3.7901e-08 2.00445 -0.744148
1 2 -0.74595
2.00002 2.00002 -0.745948
2.99951 2.04611 -0.640827
0 3 0
0.996218 3 -0.744125
2.04674 2.99951 -0.64085
2.95295 2.95295 4.12097
## (position) Systeme au temps : 0.42
0 0 0
0.995738 1.42525e-07 -0.777826
2.05089 0.000582302 -0.661184
2.94876 0.051248 4.22692
5.19771e-08 0.994954 -0.777857
1 1 -0.779991
2.00003 0.99997 -0.779987
2.99942 0.949848 -0.661155
5.19771e-08 2.00505 -0.777857
1 2 -0.779991
2.00003 2.00003 -0.779987
2.99942 2.05015 -0.661155
0 3 0
0.995738 3 -0.777826
2.05089 2.99942 -0.661184
2.94876 2.94875 4.22692
## (position) Systeme au temps : 0.43
0 0 0
0.995217 1.9698e-07 -0.81213
2.05521 0.000692253 -0.681058
2.94438 0.0556219 4.32236
7.07066e-08 0.994303 -0.812172
1 1 -0.814686
2.00004 0.99996 -0.814681
2.99931 0.945642 -0.681018
7.07066e-08 2.0057 -0.812172
1 2 -0.814686
2.00004 2.00004 -0.814681
2.99931 2.05436 -0.681018
0 3 0
0.995217 3 -0.81213
2.05521 2.99931 -0.681058
2.94438 2.94438 4.32236
## (position) Systeme au temps : 0.44
0 0 0
0.994652 2.69636e-07 -0.847026
2.0597 0.000818315 -0.700439
2.93984 0.0601684 4.40672
9.54442e-08 0.993591 -0.84708
1 1 -0.850029
2.00005 0.999946 -0.850021
2.99918 0.941283 -0.700387
9.54442e-08 2.00641 -0.84708
1 2 -0.850029
2.00005 2.00005 -0.850021
2.99918 2.05872 -0.700387
0 3 0
0.994652 3 -0.847026
2.0597 2.99918 -0.700439
2.93984 2.93983 4.40672
## (position) Systeme au temps : 0.45
0 0 0
0.994041 3.65766e-07 -0.882501
2.06434 0.000962275 -0.719299
2.93512 0.0648835 4.47953
1.27887e-07 0.992816 -0.882571
1 1 -0.886013
2.00007 0.999929 -0.886002
2.99904 0.936776 -0.719232
1.27887e-07 2.00718 -0.882571
1 2 -0.886013
2.00007 2.00007 -0.886002
2.99904 2.06322 -0.719232
0 3 0
0.994041 3 -0.882501
2.06434 2.99904 -0.719299
2.93512 2.93512 4.47953
## (position) Systeme au temps : 0.46
0 0 0
0.993383 4.91957e-07 -0.918542
2.06914 0.00112607 -0.737616
2.93025 0.0697629 4.54039
1.70149e-07 0.991974 -0.918632
1 1 -0.922634
2.00009 0.999907 -0.922617
2.99887 0.932128 -0.73753
1.70149e-07 2.00803 -0.918632
1 2 -0.922634
2.00009 2.00009 -0.922617
2.99887 2.06787 -0.73753
0 3 0
0.993383 3 -0.918542
2.06914 2.99887 -0.737616
2.93025 2.93024 4.54039
## (position) Systeme au temps : 0.47
0 0 0
0.992678 6.56382e-07 -0.955137
2.07409 0.00131181 -0.755371
2.92521 0.0748019 4.58899
2.24844e-07 0.991063 -0.955252
1 1 -0.959883
2.00012 0.999879 -0.95986
2.99869 0.927343 -0.755261
2.24844e-07 2.00894 -0.955252
1 2 -0.959883
2.00012 2.00012 -0.95986
2.99869 2.07266 -0.755261
0 3 0
0.992678 3 -0.955137
2.07409 2.99869 -0.755371
2.92521 2.9252 4.58899
## (position) Systeme au temps : 0.48
0 0 0
0.991923 8.69131e-07 -0.992272
2.07918 0.00152176 -0.77255
2.92002 0.0799957 4.62512
2.95191e-07 0.990079 -0.992418
1 1 -0.997757
2.00016 0.999844 -0.997723
2.99848 0.922429 -0.772411
2.95191e-07 2.00992 -0.992418
1 2 -0.997757
2.00016 2.00016 -0.997723
2.99848 2.07757 -0.772411
0 3 0
0.991923 3 -0.992272
2.07918 2.99848 -0.77255
2.92002 2.92 4.62512
## (position) Systeme au temps : 0.49
0 0 0
0.991119 1.14259e-06 -1.02993
2.08441 0.0017584 -0.789142
2.91468 0.0853395 4.64865
3.85133e-07 0.98902 -1.03012
1 1 -1.03625
2.0002 0.9998 -1.0362
2.99824 0.917391 -0.788967
3.85133e-07 2.01098 -1.03012
1 2 -1.03625
2.0002 2.0002 -1.0362
2.99824 2.08261 -0.788967
0 3 0
0.991119 3 -1.02993
2.08441 2.99824 -0.789142
2.91468 2.91466 4.64865
## (position) Systeme au temps : 0.5
0 0 0
0.990265 1.49187e-06 -1.06811
2.08976 0.00202438 -0.805143
2.90919 0.0908279 4.65955
4.99468e-07 0.987884 -1.06834
1 1 -1.07535
2.00025 0.999747 -1.07528
2.99798 0.912239 -0.804924
4.99468e-07 2.01212 -1.06834
1 2 -1.07535
2.00025 2.00025 -1.07528
2.99798 2.08776 -0.804924
0 3 0
0.990265 3 -1.06811
2.08976 2.99798 -0.805143
2.90919 2.90917 4.65955
## (position) Systeme au temps : 0.51
0 0 0
0.98936 1.93533e-06 -1.10678
2.09524 0.00232255 -0.820552
2.90357 0.0964556 4.65788
6.44013e-07 0.986668 -1.10706
1 1 -1.11506
2.00032 0.999681 -1.11497
2.99768 0.906977 -0.82028
6.44013e-07 2.01333 -1.10706
1 2 -1.11506
2.00032 2.00032 -1.11497
2.99768 2.09302 -0.82028
0 3 0
0.98936 3 -1.10678
2.09524 2.99768 -0.820552
2.90357 2.90354 4.65788
## (position) Systeme au temps : 0.52
0 0 0
0.988404 2.49516e-06 -1.14593
2.10083 0.00265597 -0.835372
2.89781 0.102217 4.6438
8.25784e-07 0.985369 -1.14628
1 0.999999 -1.15536
2.0004 0.999602 -1.15524
2.99734 0.901614 -0.835037
8.25784e-07 2.01463 -1.14628
1 2 -1.15536
2.0004 2.0004 -1.15524
2.99734 2.09839 -0.835037
0 3 0
0.988404 3 -1.14593
2.10083 2.99734 -0.835372
2.89781 2.89778 4.6438
## (position) Systeme au temps : 0.53
0 0 0
0.987399 3.19803e-06 -1.18555
2.10653 0.00302789 -0.849614
2.89193 0.108107 4.61755
1.0532e-06 0.983985 -1.18598
1 0.999999 -1.19627
2.00049 0.999507 -1.1961
2.99697 0.896158 -0.849202
1.0532e-06 2.01602 -1.18598
1 2 -1.19627
2.00049 2.00049 -1.1961
2.99697 2.10384 -0.849202
0 3 0
0.987399 3 -1.18555
2.10653 2.99697 -0.849614
2.89193 2.89189 4.61755
## (position) Systeme au temps : 0.54
0 0 0
0.986343 4.07582e-06 -1.22563
2.11233 0.00344178 -0.863288
2.88592 0.114119 4.57947
1.33634e-06 0.982514 -1.22615
1 0.999999 -1.23776
2.00061 0.999392 -1.23754
2.99656 0.890616 -0.862785
1.33634e-06 2.01749 -1.22615
1 2 -1.23776
2.00061 2.00061 -1.23754
2.99656 2.10938 -0.862785
0 3 0
0.986343 3 -1.22563
2.11233 2.99656 -0.863288
2.88592 2.88588 4.57947
## (position) Systeme au temps : 0.55
0 0 0
0.985238 5.16652e-06 -1.26614
2.11821 0.0039013 -0.876413
2.8798 0.120248 4.52997
1.68718e-06 0.980954 -1.26677
1 0.999999 -1.27983
2.00075 0.999256 -1.27954
2.9961 0.884996 -0.875802
1.68718e-06 2.01905 -1.26677
1 2 -1.27983
2.00075 2.00074 -1.27954
2.9961 2.115 -0.875802
0 3 0
0.985238 2.99999 -1.26614
2.11821 2.9961 -0.876413
2.8798 2.87975 4.52997
## (position) Systeme au temps : 0.56
0 0 0
0.984085 6.5151e-06 -1.30706
2.12418 0.00441028 -0.88901
2.87356 0.126487 4.46957
2.11992e-06 0.979303 -1.30783
1 0.999998 -1.32248
2.00091 0.999096 -1.3221
2.99559 0.879306 -0.888271
2.11992e-06 2.0207 -1.30783
1 2 -1.32248
2.00091 2.0009 -1.3221
2.99559 2.12069 -0.888271
0 3 0
0.984085 2.99999 -1.30706
2.12418 2.99559 -0.88901
2.87356 2.87351 4.46957
## (position) Systeme au temps : 0.57
0 0 0
0.982885 8.17459e-06 -1.34839
2.13021 0.00497276 -0.901104
2.86723 0.132831 4.39885
2.65133e-06 0.97756 -1.34931
1 0.999998 -1.3657
2.0011 0.998907 -1.36521
2.99502 0.873555 -0.900216
2.65133e-06 2.02244 -1.34931
1 2 -1.3657
2.0011 2.00109 -1.36521
2.99502 2.12644 -0.900216
0 3 0
0.982885 2.99999 -1.34839
2.13021 2.99503 -0.901104
2.86723 2.86717 4.39885
## (position) Systeme au temps : 0.58
0 0 0
0.98164 1.02072e-05 -1.39011
2.13631 0.00559291 -0.912725
2.86079 0.139274 4.31847
3.30114e-06 0.975723 -1.3912
1 0.999998 -1.40949
2.00132 0.998688 -1.40886
2.9944 0.867752 -0.911662
3.30114e-06 2.02428 -1.3912
1 2 -1.40949
2.00132 2.00131 -1.40886
2.9944 2.13225 -0.911662
0 3 0
0.98164 2.99999 -1.39011
2.13631 2.99441 -0.912725
2.86079 2.86073 4.31847
## (position) Systeme au temps : 0.59
0 0 0
0.98035 1.26856e-05 -1.43219
2.14245 0.00627505 -0.923906
2.85427 0.145809 4.22914
4.09247e-06 0.97379 -1.43349
1.00001 0.999997 -1.45383
2.00158 0.998433 -1.45304
2.99372 0.861904 -0.922639
4.09247e-06 2.02621 -1.43349
1.00001 2 -1.45383
2.00158 2.00157 -1.45304
2.99372 2.1381 -0.922639
0 3 0
0.98035 2.99999 -1.43219
2.14245 2.99372 -0.923906
2.85427 2.85419 4.22914
## (position) Systeme au temps : 0.6
0 0 0
0.979019 1.56942e-05 -1.47462
2.14864 0.00702361 -0.934682
2.84766 0.152431 4.13167
5.0523e-06 0.971761 -1.47616
1.00001 0.999996 -1.49874
2.00187 0.998139 -1.49774
2.99297 0.85602 -0.933181
5.0523e-06 2.02824 -1.47616
1.00001 2 -1.49874
2.00187 2.00186 -1.49774
2.99297 2.14398 -0.933181
0 3 0
0.979019 2.99998 -1.47462
2.14864 2.99298 -0.934682
2.84766 2.84757 4.13167
## (position) Systeme au temps : 0.61
0 0 0
0.977648 1.93307e-05 -1.51737
2.15486 0.00784312 -0.945094
2.84097 0.159132 4.02687
6.21203e-06 0.969635 -1.5192
1.00001 0.999995 -1.54419
2.00221 0.997802 -1.54294
2.99215 0.85011 -0.943321
6.21203e-06 2.03036 -1.5192
1.00001 2 -1.54419
2.00221 2.0022 -1.54294
2.99215 2.14989 -0.943321
0 3 0
0.977648 2.99998 -1.51737
2.15486 2.99216 -0.945094
2.84097 2.84087 4.02687
## (position) Systeme au temps : 0.62
0 0 0
0.97624 2.37078e-05 -1.56044
2.1611 0.00873816 -0.955183
2.8342 0.165908 3.91565
7.60808e-06 0.96741 -1.56258
1.00001 0.999994 -1.59019
2.0026 0.997418 -1.58863
2.99125 0.844183 -0.953099
7.60808e-06 2.03259 -1.56258
1.00001 2.00001 -1.59019
2.0026 2.00258 -1.58863
2.99125 2.15582 -0.953099
0 3 0
0.97624 2.99998 -1.56044
2.1611 2.99126 -0.955183
2.8342 2.83409 3.91565
## (position) Systeme au temps : 0.63
0 0 0
0.974797 2.89544e-05 -1.6038
2.16735 0.00971334 -0.964995
2.82738 0.172751 3.79892
9.28254e-06 0.965087 -1.60631
1.00002 0.999993 -1.63673
2.00305 0.996982 -1.6348
2.99027 0.838246 -0.962555
9.28254e-06 2.03491 -1.60631
1.00002 2.00001 -1.63673
2.00305 2.00302 -1.6348
2.99027 2.16175 -0.962555
0 3 0
0.974797 2.99997 -1.6038
2.16735 2.99029 -0.964995
2.82738 2.82725 3.79892
## (position) Systeme au temps : 0.64
0 0 0
0.973321 3.5218e-05 -1.64744
2.17359 0.0107733 -0.974575
2.82049 0.179656 3.67765
1.12839e-05 0.962664 -1.65035
1.00002 0.999991 -1.6838
2.00354 0.99649 -1.68144
2.98921 0.832311 -0.97173
1.12839e-05 2.03734 -1.65035
1.00002 2.00001 -1.6838
2.00354 2.00351 -1.68144
2.98921 2.16769 -0.97173
0 3 0
0.973321 2.99996 -1.64744
2.17359 2.98923 -0.974575
2.82049 2.82034 3.67765
## (position) Systeme au temps : 0.65
0 0 0
0.971816 4.26663e-05 -1.69132
2.17983 0.0119226 -0.983972
2.81354 0.186617 3.55281
1.3668e-05 0.960141 -1.69471
1.00002 0.99999 -1.7314
2.00411 0.995937 -1.72853
2.98805 0.826384 -0.980669
1.3668e-05 2.03986 -1.69471
1.00002 2.00001 -1.7314
2.00411 2.00406 -1.72853
2.98805 2.17362 -0.980669
0 3 0
0.971816 2.99996 -1.69132
2.17983 2.98808 -0.983972
2.81354 2.81338 3.55281
## (position) Systeme au temps : 0.66
0 0 0
0.970284 5.1489e-05 -1.73544
2.18604 0.0131657 -0.993237
2.80655 0.193627 3.4254
1.64985e-05 0.957519 -1.73935
1.00003 0.999987 -1.77952
2.00473 0.995319 -1.77605
2.9868 0.820477 -0.989417
1.64985e-05 2.04248 -1.73935
1.00003 2.00001 -1.77952
2.00473 2.00468 -1.77605
2.9868 2.17952 -0.989417
0 3 0
0.970284 2.99995 -1.73544
2.18604 2.98683 -0.993237
2.80655 2.80637 3.4254
## (position) Systeme au temps : 0.67
0 0 0
0.968728 6.19005e-05 -1.77976
2.19222 0.014507 -1.00242
2.79951 0.20068 3.29641
1.98483e-05 0.954797 -1.78427
1.00003 0.999985 -1.82816
2.00543 0.994632 -1.82399
2.98545 0.814597 -0.998019
1.98483e-05 2.0452 -1.78427
1.00003 2.00002 -1.82816
2.00543 2.00537 -1.82399
2.98545 2.1854 -0.998019
0 3 0
0.968728 2.99994 -1.77976
2.19222 2.98549 -1.00242
2.79951 2.79932 3.29641
## (position) Systeme au temps : 0.68
0 0 0
0.967152 7.41415e-05 -1.82428
2.19836 0.0159509 -1.01157
2.79244 0.207772 3.16685
2.38005e-05 0.951975 -1.82945
1.00004 0.999982 -1.87732
2.00621 0.99387 -1.87233
2.984 0.808755 -1.00652
2.38005e-05 2.04802 -1.82945
1.00004 2.00002 -1.87732
2.00621 2.00613 -1.87233
2.984 2.19125 -1.00652
0 3 0
0.967152 2.99993 -1.82428
2.19836 2.98405 -1.01157
2.79244 2.79223 3.16685
## (position) Systeme au temps : 0.69
0 0 0
0.965558 8.84815e-05 -1.86896
2.20443 0.0175014 -1.02075
2.78534 0.214895 3.0377
2.84492e-05 0.949055 -1.87488
1.00005 0.999978 -1.92699
2.00707 0.993031 -1.92105
2.98244 0.802958 -1.01497
2.84492e-05 2.05095 -1.87488
1.00005 2.00002 -1.92699
2.00707 2.00697 -1.92105
2.98244 2.19704 -1.01497
0 3 0
0.965558 2.99991 -1.86896
2.20443 2.9825 -1.02075
2.78534 2.78511 3.0377
## (position) Systeme au temps : 0.7
0 0 0
0.96395 0.000105221 -1.91379
2.21045 0.0191626 -1.03
2.77822 0.222044 2.90992
3.39012e-05 0.946036 -1.92053
1.00006 0.999973 -1.97716
2.00801 0.992108 -1.97014
2.98076 0.797217 -1.02342
3.39012e-05 2.05396 -1.92053
1.00006 2.00003 -1.97716
2.00801 2.00789 -1.97014
2.98076 2.20278 -1.02342
0 3 0
0.96395 2.99989 -1.91379
2.21045 2.98084 -1.03
2.77822 2.77796 2.90992
## (position) Systeme au temps : 0.71
0 0 0
0.962331 0.000124696 -1.95875
2.21638 0.020938 -1.03938
2.77107 0.229213 2.78444
4.0277e-05 0.942919 -1.9664
1.00007 0.999968 -2.02783
2.00904 0.991099 -2.01957
2.97897 0.791539 -1.0319
4.0277e-05 2.05708 -1.9664
1.00007 2.00003 -2.02783
2.00904 2.0089 -2.01957
2.97897 2.20846 -1.0319
0 3 0
0.962331 2.99988 -1.95875
2.21638 2.97906 -1.03938
2.77107 2.77079 2.78444
## (position) Systeme au temps : 0.72
0 0 0
0.960704 0.000147276 -2.00382
2.22223 0.0228314 -1.04894
2.76391 0.236398 2.66217
4.77125e-05 0.939705 -2.01248
1.00008 0.999962 -2.07899
2.01017 0.989999 -2.06934
2.97706 0.785934 -1.04047
4.77125e-05 2.06029 -2.01248
1.00008 2.00004 -2.07899
2.01017 2.01 -2.06934
2.97706 2.21407 -1.04047
0 3 0
0.960704 2.99985 -2.00382
2.22223 2.97717 -1.04894
2.76391 2.7636 2.66217
## (position) Systeme au temps : 0.73
0 0 0
0.959072 0.000173373 -2.04896
2.22798 0.0248458 -1.05872
2.75674 0.243593 2.54396
5.63603e-05 0.936396 -2.05873
1.0001 0.999954 -2.13065
2.0114 0.988805 -2.11941
2.97502 0.780411 -1.04916
5.63603e-05 2.0636 -2.05873
1.0001 2.00005 -2.13065
2.0114 2.01119 -2.11941
2.97502 2.21959 -1.04916
0 3 0
0.959072 2.99983 -2.04896
2.22798 2.97515 -1.05872
2.75674 2.75641 2.54396
## (position) Systeme au temps : 0.74
0 0 0
0.957438 0.000203437 -2.09417
2.23362 0.0269844 -1.06878
2.74957 0.250792 2.4306
6.63913e-05 0.932992 -2.10516
1.00011 0.999946 -2.18279
2.01273 0.987513 -2.16977
2.97286 0.774977 -1.05803
6.63913e-05 2.06701 -2.10516
1.00011 2.00005 -2.18279
2.01273 2.01249 -2.16977
2.97286 2.22502 -1.05803
0 3 0
0.957438 2.9998 -2.09417
2.23362 2.97302 -1.06878
2.74957 2.74921 2.4306
## (position) Systeme au temps : 0.75
0 0 0
0.955805 0.000237967 -2.13942
2.23915 0.0292499 -1.07916
2.7424 0.257991 2.32285
7.7997e-05 0.929494 -2.15174
1.00013 0.999936 -2.2354
2.01416 0.98612 -2.2204
2.97056 0.769642 -1.06711
7.7997e-05 2.07051 -2.15174
1.00013 2.00006 -2.2354
2.01416 2.01388 -2.2204
2.97056 2.23036 -1.06711
0 3 0
0.955805 2.99976 -2.13942
2.23915 2.97075 -1.07916
2.7424 2.74201 2.32285
## (position) Systeme au temps : 0.76
0 0 0
0.954177 0.000277507 -2.18469
2.24455 0.0316448 -1.0899
2.73524 0.265185 2.22138
9.13907e-05 0.925905 -2.19846
1.00015 0.999924 -2.2885
2.01571 0.984623 -2.27127
2.96814 0.764413 -1.07644
9.13907e-05 2.07409 -2.19846
1.00015 2.00008 -2.2885
2.01571 2.01538 -2.27127
2.96814 2.23559 -1.07644
0 3 0
0.954177 2.99972 -2.18469
2.24455 2.96836 -1.0899
2.73524 2.73481 2.22138
## (position) Systeme au temps : 0.77
0 0 0
0.952557 0.000322654 -2.22995
2.24981 0.0341713 -1.10106
2.72809 0.27237 2.1268
0.00010681 0.922226 -2.2453
1.00018 0.99991 -2.34206
2.01736 0.983019 -2.32237
2.96557 0.759297 -1.08605
0.00010681 2.07777 -2.2453
1.00018 2.00009 -2.34206
2.01736 2.01698 -2.32237
2.96557 2.2407 -1.08605
0 3 0
0.952557 2.99968 -2.22995
2.24981 2.96583 -1.10106
2.72809 2.72763 2.1268
## (position) Systeme au temps : 0.78
0 0 0
0.950946 0.000374059 -2.2752
2.25492 0.0368315 -1.11266
2.72095 0.279541 2.03964
0.000124518 0.918459 -2.29226
1.0002 0.999894 -2.39609
2.01914 0.981306 -2.37368
2.96287 0.754303 -1.09599
0.000124518 2.08154 -2.29226
1.0002 2.00011 -2.39609
2.01914 2.01869 -2.37368
2.96287 2.2457 -1.09599
0 3 0
0.950946 2.99963 -2.2752
2.25492 2.96317 -1.11266
2.72095 2.72046 2.03964
## (position) Systeme au temps : 0.79
0 0 0
0.949349 0.00043243 -2.32039
2.25989 0.0396271 -1.12475
2.71383 0.286693 1.96034
0.000144807 0.914605 -2.3393
1.00023 0.999875 -2.45059
2.02103 0.979481 -2.42517
2.96003 0.749437 -1.10628
0.000144807 2.08539 -2.3393
1.00023 2.00013 -2.45059
2.02103 2.02052 -2.42517
2.96003 2.25056 -1.10628
0 3 0
0.949349 2.99957 -2.32039
2.25989 2.96037 -1.12475
2.71383 2.71331 1.96034
## (position) Systeme au temps : 0.8
0 0 0
0.947768 0.000498538 -2.36552
2.26469 0.0425594 -1.13736
2.70674 0.293824 1.88928
0.000168 0.910668 -2.38643
1.00026 0.999853 -2.50554
2.02304 0.977543 -2.47682
2.95704 0.744706 -1.11694
0.000168 2.08933 -2.38643
1.00026 2.00015 -2.50554
2.02304 2.02246 -2.47682
2.95704 2.25529 -1.11694
0 3 0
0.947768 2.9995 -2.36552
2.26469 2.95744 -1.13736
2.70674 2.70618 1.88928
## (position) Systeme au temps : 0.81
0 0 0
0.946205 0.000573218 -2.41057
2.26933 0.0456298 -1.15053
2.69967 0.300929 1.82673
0.000194452 0.906648 -2.43362
1.0003 0.999828 -2.56094
2.02518 0.975491 -2.52862
2.95391 0.740117 -1.12802
0.000194452 2.09335 -2.43362
1.0003 2.00017 -2.56094
2.02518 2.02451 -2.52862
2.95391 2.25988 -1.12802
0 3 0
0.946205 2.99943 -2.41057
2.26933 2.95437 -1.15053
2.69967 2.69907 1.82673
## (position) Systeme au temps : 0.82
0 0 0
0.944664 0.000657374 -2.4555
2.27378 0.0488394 -1.16427
2.69263 0.308005 1.77289
0.000224554 0.902548 -2.48086
1.00034 0.999798 -2.61679
2.02744 0.973323 -2.58054
2.95063 0.735676 -1.13952
0.000224554 2.09745 -2.48086
1.00034 2.0002 -2.61679
2.02744 2.02668 -2.58054
2.95063 2.26432 -1.13952
0 3 0
0.944664 2.99934 -2.4555
2.27378 2.95116 -1.16427
2.69263 2.692 1.77289
## (position) Systeme au temps : 0.83
0 0 0
0.943146 0.000751984 -2.50031
2.27806 0.0521888 -1.17861
2.68563 0.315048 1.72784
0.000258738 0.898371 -2.52814
1.00038 0.999764 -2.67308
2.02983 0.971038 -2.63255
2.9472 0.731388 -1.15147
0.000258738 2.10163 -2.52814
1.00038 2.00024 -2.67308
2.02983 2.02896 -2.63255
2.9472 2.26861 -1.15147
0 3 0
0.943146 2.99925 -2.50031
2.27806 2.94781 -1.17861
2.68563 2.68495 1.72784
## (position) Systeme au temps : 0.84
0 0 0
0.941653 0.000858103 -2.54498
2.28215 0.0556788 -1.19358
2.67866 0.322056 1.6916
0.000297471 0.89412 -2.57543
1.00043 0.999725 -2.72981
2.03234 0.968636 -2.68465
2.94363 0.727258 -1.16388
0.000297471 2.10588 -2.57543
1.00043 2.00027 -2.72981
2.03234 2.03136 -2.68465
2.94363 2.27274 -1.16388
0 3 0
0.941653 2.99914 -2.54498
2.28215 2.94432 -1.19358
2.67866 2.67794 1.6916
## (position) Systeme au temps : 0.85
0 0 0
0.940189 0.000976864 -2.58947
2.28604 0.0593098 -1.20919
2.67173 0.329025 1.66409
0.000341269 0.889796 -2.62273
1.00048 0.99968 -2.78698
2.03499 0.966116 -2.73681
2.93991 0.723292 -1.17678
0.000341269 2.1102 -2.62273
1.00048 2.00032 -2.78698
2.03499 2.03388 -2.73681
2.93991 2.27671 -1.17678
0 3 0
0.940189 2.99902 -2.58947
2.28604 2.94069 -1.20919
2.67173 2.67097 1.66409
## (position) Systeme au temps : 0.86
0 0 0
0.938755 0.00110949 -2.63378
2.28974 0.063082 -1.22545
2.66484 0.335953 1.64512
0.000390692 0.885403 -2.67003
1.00054 0.999629 -2.84458
2.03776 0.96348 -2.78901
2.93603 0.719493 -1.19016
0.000390692 2.1146 -2.67003
1.00054 2.00037 -2.84458
2.03776 2.03652 -2.78901
2.93603 2.28051 -1.19016
0 3 0
0.938755 2.99889 -2.63378
2.28974 2.93692 -1.22545
2.66484 2.66405 1.64512
## (position) Systeme au temps : 0.87
0 0 0
0.937353 0.00125729 -2.67789
2.29323 0.0669957 -1.24238
2.65799 0.342837 1.63444
0.000446349 0.880944 -2.7173
1.0006 0.99957 -2.9026
2.04066 0.960726 -2.84122
2.932 0.715867 -1.20404
0.000446349 2.11906 -2.7173
1.0006 2.00043 -2.9026
2.04066 2.03927 -2.84122
2.932 2.28413 -1.20404
0 3 0
0.937353 2.99874 -2.67789
2.29323 2.933 -1.24238
2.65799 2.65716 1.63444
## (position) Systeme au temps : 0.88
0 0 0
0.935985 0.00142166 -2.72178
2.29651 0.0710506 -1.25999
2.65119 0.349676 1.6317
0.000508901 0.876422 -2.76453
1.00067 0.999502 -2.96104
2.04369 0.957857 -2.89344
2.92783 0.712416 -1.21842
0.000508901 2.12358 -2.76453
1.00067 2.0005 -2.96104
2.04369 2.04214 -2.89344
2.92783 2.28758 -1.21842
0 3 0
0.935985 2.99858 -2.72178
2.29651 2.92895 -1.25999
2.65119 2.65032 1.6317
## (position) Systeme au temps : 0.89
0 0 0
0.934653 0.0016041 -2.76542
2.29958 0.0752467 -1.27828
2.64444 0.356465 1.63646
0.000579065 0.871839 -2.81171
1.00074 0.999425 -3.01989
2.04685 0.954873 -2.94564
2.9235 0.709143 -1.2333
0.000579065 2.12816 -2.81171
1.00074 2.00057 -3.01989
2.04685 2.04513 -2.94564
2.9235 2.29086 -1.2333
0 3 0
0.934653 2.9984 -2.76542
2.29958 2.92475 -1.27828
2.64444 2.64353 1.63646
## (position) Systeme au temps : 0.9
0 0 0
0.933358 0.00180622 -2.80881
2.30243 0.0795835 -1.29726
2.63774 0.363204 1.64823
0.000657614 0.8672 -2.85883
1.00082 0.999338 -3.07916
2.05014 0.951776 -2.9978
2.91901 0.706053 -1.24868
0.000657614 2.1328 -2.85883
1.00082 2.00066 -3.07916
2.05014 2.04822 -2.9978
2.91901 2.29395 -1.24868
0 3 0
0.933358 2.99819 -2.80881
2.30243 2.92042 -1.29726
2.63774 2.6368 1.64823
## (position) Systeme au temps : 0.91
0 0 0
0.932102 0.00202972 -2.85192
2.30507 0.0840607 -1.31691
2.6311 0.36989 1.66641
0.000745383 0.862506 -2.90587
1.0009 0.999238 -3.13883
2.05356 0.948567 -3.04991
2.91438 0.703146 -1.26456
0.000745383 2.13749 -2.90587
1.0009 2.00076 -3.13883
2.05356 2.05143 -3.04991
2.91438 2.29685 -1.26456
0 3 0
0.932102 2.99797 -2.85192
2.30507 2.91594 -1.31691
2.6311 2.63011 1.66641
## (position) Systeme au temps : 0.92
0 0 0
0.930886 0.00227641 -2.89474
2.30748 0.0886774 -1.33724
2.6245 0.376522 1.69036
0.000843267 0.857762 -2.95283
1.00099 0.999126 -3.1989
2.0571 0.945248 -3.10194
2.90959 0.700426 -1.28093
0.000843267 2.14224 -2.95283
1.00099 2.00087 -3.1989
2.0571 2.05475 -3.10194
2.90959 2.29957 -1.28093
0 3 0
0.930886 2.99772 -2.89474
2.30748 2.91132 -1.33724
2.6245 2.62348 1.69036
## (position) Systeme au temps : 0.93
0 0 0
0.929712 0.00254821 -2.93726
2.30968 0.0934329 -1.35824
2.61797 0.383097 1.71936
0.000952228 0.852972 -2.99967
1.00108 0.998999 -3.25937
2.06076 0.941822 -3.15388
2.90464 0.697894 -1.29779
0.000952228 2.14703 -2.99967
1.00108 2.001 -3.25937
2.06076 2.05818 -3.15388
2.90464 2.30211 -1.29779
0 3 0
0.929712 2.99745 -2.93726
2.30968 2.90657 -1.35824
2.61797 2.6169 1.71936
## (position) Systeme au temps : 0.94
0 0 0
0.928581 0.00284716 -2.97945
2.31164 0.0983263 -1.37991
2.61149 0.389614 1.75265
0.0010733 0.848138 -3.0464
1.00118 0.998855 -3.32022
2.06455 0.938292 -3.20571
2.89955 0.695553 -1.31512
0.0010733 2.15186 -3.0464
1.00118 2.00115 -3.32022
2.06455 2.06171 -3.20571
2.89955 2.30445 -1.31512
0 3 0
0.928581 2.99715 -2.97945
2.31164 2.90167 -1.37991
2.61149 2.61039 1.75265
## (position) Systeme au temps : 0.95
0 0 0
0.927493 0.00317542 -3.02131
2.31338 0.103356 -1.40223
2.60506 0.396071 1.78942
0.00120757 0.843264 -3.093
1.00129 0.998693 -3.38147
2.06846 0.934659 -3.25742
2.8943 0.693403 -1.33292
0.00120757 2.15674 -3.093
1.00129 2.00131 -3.38147
2.06846 2.06534 -3.25742
2.8943 2.3066 -1.33292
0 3 0
0.927493 2.99682 -3.02131
2.31338 2.89664 -1.40223
2.60506 2.60393 1.78942
## (position) Systeme au temps : 0.96
0 0 0
0.926449 0.00353524 -3.06282
2.31489 0.108522 -1.42519
2.5987 0.402466 1.8288
0.00135623 0.838354 -3.13946
1.0014 0.998512 -3.44309
2.07248 0.930929 -3.30899
2.8889 0.691445 -1.35117
0.00135623 2.16165 -3.13946
1.0014 2.00149 -3.44309
2.07248 2.06907 -3.30899
2.8889 2.30856 -1.35117
0 3 0
0.926449 2.99646 -3.06282
2.31489 2.89148 -1.42519
2.5987 2.59753 1.8288
## (position) Systeme au temps : 0.97
0 0 0
0.925451 0.00392901 -3.10396
2.31618 0.113821 -1.44879
2.59241 0.408798 1.86992
0.0015205 0.833412 -3.18576
1.00152 0.998308 -3.50508
2.07662 0.927103 -3.36041
2.88335 0.68968 -1.36985
0.0015205 2.16659 -3.18576
1.00152 2.00169 -3.50508
2.07662 2.0729 -3.36041
2.88335 2.31032 -1.36985
0 3 0
0.925451 2.99607 -3.10396
2.31618 2.88618 -1.44879
2.59241 2.5912 1.86992
## (position) Systeme au temps : 0.98
0 0 0
0.924499 0.00435923 -3.14473
2.31723 0.119252 -1.47299
2.58617 0.415065 1.91186
0.00170172 0.828441 -3.23189
1.00164 0.998081 -3.56744
2.08087 0.923185 -3.41165
2.87765 0.68811 -1.38897
0.00170172 2.17156 -3.23189
1.00164 2.00192 -3.56744
2.08087 2.07681 -3.41165
2.87765 2.31189 -1.38897
0 3 0
0.924499 2.99564 -3.14473
2.31723 2.88075 -1.47299
2.58617 2.58493 1.91186
## (position) Systeme au temps : 0.99
0 0 0
0.923593 0.00482852 -3.1851
2.31805 0.124814 -1.49779
2.58 0.421267 1.95369
0.00190127 0.823445 -3.27784
1.00177 0.997827 -3.63017
2.08523 0.919181 -3.46271
2.8718 0.686734 -1.40849
0.00190127 2.17655 -3.27784
1.00177 2.00217 -3.63017
2.08523 2.08082 -3.46271
2.8718 2.31327 -1.40849
0 3 0
0.923593 2.99517 -3.1851
2.31805 2.87519 -1.49779
2.58 2.57873 1.95369
## (position) Systeme au temps : 1
0 0 0
0.922735 0.00533961 -3.22508
2.31864 0.130504 -1.52318
2.57389 0.427401 1.99448
0.00212062 0.818429 -3.32361
1.0019 0.997544 -3.69324
2.08969 0.915092 -3.51357
2.8658 0.685553 -1.42841
0.00212062 2.18157 -3.32361
1.0019 2.00246 -3.69324
2.08969 2.08491 -3.51357
2.8658 2.31445 -1.42841
0 3 0
0.922735 2.99466 -3.22508
2.31864 2.8695 -1.52318
2.57389 2.5726 1.99448
## (position) Systeme au temps : 1.01
0 0 0
0.921924 0.00589533 -3.26465
2.31901 0.13632 -1.54914
2.56785 0.433467 2.03329
0.00236133 0.813396 -3.36917
1.00204 0.99723 -3.75667
2.09425 0.910926 -3.56422
2.85966 0.684566 -1.4487
0.00236133 2.1866 -3.36917
1.00204 2.00277 -3.75667
2.09425 2.08907 -3.56422
2.85966 2.31543 -1.4487
0 3 0
0.921924 2.9941 -3.26465
2.31901 2.86368 -1.54914
2.56785 2.56653 2.03329
## (position) Systeme au temps : 1.02
0 0 0
0.92116 0.00649863 -3.30379
2.31914 0.14226 -1.57565
2.56188 0.439463 2.0692
0.00262501 0.80835 -3.41452
1.00219 0.996882 -3.82043
2.09891 0.906684 -3.61464
2.85337 0.683773 -1.46937
0.00262501 2.19165 -3.41452
1.00219 2.00312 -3.82043
2.09891 2.09332 -3.61464
2.85337 2.31623 -1.46937
0 3 0
0.92116 2.9935 -3.30379
2.31914 2.85774 -1.57565
2.56188 2.56054 2.0692
## (position) Systeme au temps : 1.03
0 0 0
0.920444 0.00715254 -3.34251
2.31904 0.14832 -1.6027
2.55598 0.445389 2.10131
0.00291335 0.803296 -3.45964
1.00234 0.996496 -3.88453
2.10366 0.902374 -3.66483
2.84694 0.683175 -1.49039
0.00291335 2.1967 -3.45964
1.00234 2.0035 -3.88453
2.10366 2.09763 -3.66483
2.84694 2.31683 -1.49039
0 3 0
0.920444 2.99285 -3.34251
2.31904 2.85168 -1.6027
2.55598 2.55461 2.10131
## (position) Systeme au temps : 1.04
0 0 0
0.919776 0.00786022 -3.38078
2.31871 0.154499 -1.63026
2.55014 0.451244 2.12873
0.00322814 0.798237 -3.50453
1.0025 0.996071 -3.94895
2.1085 0.897999 -3.71477
2.84037 0.68277 -1.51176
0.00322814 2.20176 -3.50453
1.0025 2.00393 -3.94895
2.1085 2.102 -3.71477
2.84037 2.31723 -1.51176
0 3 0
0.919776 2.99214 -3.38078
2.31871 2.8455 -1.63026
2.55014 2.54876 2.12873
## (position) Systeme au temps : 1.05
0 0 0
0.919156 0.00862486 -3.41861
2.31816 0.160794 -1.65834
2.54437 0.457026 2.15062
0.00357121 0.793178 -3.54917
1.00266 0.995603 -4.01369
2.11342 0.893564 -3.76445
2.83367 0.682557 -1.53345
0.00357121 2.20682 -3.54917
1.00266 2.0044 -4.01369
2.11342 2.10644 -3.76445
2.83367 2.31744 -1.53345
0 3 0
0.919156 2.99138 -3.41861
2.31816 2.83921 -1.65834
2.54437 2.54297 2.15062
## (position) Systeme au temps : 1.06
0 0 0
0.918583 0.00944978 -3.45598
2.31738 0.1672 -1.68692
2.53868 0.462735 2.16618
0.00394447 0.788123 -3.59356
1.00283 0.995089 -4.07874
2.11842 0.889076 -3.81386
2.82682 0.682535 -1.55547
0.00394447 2.21188 -3.59356
1.00283 2.00491 -4.07874
2.11842 2.11092 -3.81386
2.82682 2.31746 -1.55547
0 3 0
0.918583 2.99055 -3.45598
2.31738 2.8328 -1.68692
2.53868 2.53726 2.16618
## (position) Systeme au temps : 1.07
0 0 0
0.918058 0.0103383 -3.49289
2.31637 0.173716 -1.71598
2.53305 0.468371 2.17466
0.00434991 0.783076 -3.63768
1.003 0.994525 -4.14408
2.12349 0.88454 -3.863
2.81984 0.682704 -1.5778
0.00434991 2.21692 -3.63768
1.003 2.00547 -4.14408
2.12349 2.11546 -3.863
2.81984 2.3173 -1.5778
0 3 0
0.918058 2.98966 -3.49289
2.31637 2.82628 -1.71598
2.53305 2.53163 2.17466
## (position) Systeme au temps : 1.08
0 0 0
0.917579 0.0112939 -3.52934
2.31514 0.180337 -1.74552
2.52749 0.473933 2.17537
0.00478955 0.778041 -3.68153
1.00318 0.993908 -4.20972
2.12863 0.879961 -3.91184
2.81274 0.683061 -1.60045
0.00478955 2.22196 -3.68153
1.00318 2.00609 -4.20972
2.12863 2.12004 -3.91184
2.81274 2.31694 -1.60045
0 3 0
0.917579 2.98871 -3.52934
2.31514 2.81966 -1.74552
2.52749 2.52607 2.17537
## (position) Systeme au temps : 1.09
0 0 0
0.917147 0.0123201 -3.56531
2.31369 0.187061 -1.77554
2.522 0.479421 2.16768
0.00526551 0.773023 -3.7251
1.00336 0.993235 -4.27563
2.13382 0.875345 -3.96038
2.8055 0.683605 -1.6234
0.00526551 2.22698 -3.7251
1.00336 2.00677 -4.27563
2.13382 2.12466 -3.96038
2.8055 2.31639 -1.6234
0 3 0
0.917147 2.98768 -3.56531
2.31369 2.81294 -1.77554
2.522 2.52058 2.16768
## (position) Systeme au temps : 1.1
0 0 0
0.916761 0.0134202 -3.60081
2.31202 0.193882 -1.80601
2.51659 0.484835 2.15102
0.00577993 0.768026 -3.76837
1.00354 0.992501 -4.34181
2.13907 0.870698 -4.00862
2.79814 0.684335 -1.64666
0.00577993 2.23197 -3.76837
1.00354 2.0075 -4.34181
2.13907 2.1293 -4.00862
2.79814 2.31566 -1.64666
0 3 0
0.916761 2.98658 -3.60081
2.31202 2.80612 -1.80601
2.51659 2.51517 2.15102
## (position) Systeme au temps : 1.11
0 0 0
0.91642 0.0145978 -3.63582
2.31013 0.200799 -1.83695
2.51124 0.490173 2.12491
0.00633501 0.763053 -3.81135
1.00373 0.991704 -4.40825
2.14437 0.866027 -4.05655
2.79066 0.685248 -1.67023
0.00633501 2.23695 -3.81135
1.00373 2.0083 -4.40825
2.14437 2.13397 -4.05655
2.79066 2.31475 -1.67023
0 3 0
0.91642 2.9854 -3.63582
2.31013 2.7992 -1.83695
2.51124 2.50983 2.12491
## (position) Systeme au temps : 1.12
0 0 0
0.916123 0.0158565 -3.67035
2.30803 0.207806 -1.86836
2.50596 0.495438 2.08894
0.00693301 0.758111 -3.85402
1.00393 0.99084 -4.47494
2.14971 0.861337 -4.10416
2.78307 0.686342 -1.69411
0.00693301 2.24189 -3.85402
1.00393 2.00916 -4.47494
2.14971 2.13866 -4.10416
2.78307 2.31366 -1.69411
0 3 0
0.916123 2.98414 -3.67035
2.30803 2.79219 -1.86836
2.50596 2.50456 2.08894
## (position) Systeme au temps : 1.13
0 0 0
0.91587 0.0171996 -3.7044
2.30572 0.2149 -1.90023
2.50075 0.500628 2.04279
0.0075762 0.753202 -3.89637
1.00412 0.989904 -4.54185
2.15509 0.856636 -4.15144
2.77535 0.687615 -1.71832
0.0075762 2.2468 -3.89637
1.00412 2.0101 -4.54185
2.15509 2.14336 -4.15144
2.77535 2.31238 -1.71832
0 3 0
0.91587 2.9828 -3.7044
2.30572 2.7851 -1.90023
2.50075 2.49937 2.04279
## (position) Systeme au temps : 1.14
0 0 0
0.91566 0.0186307 -3.73797
2.3032 0.222076 -1.93257
2.4956 0.505744 1.98622
0.0082669 0.74833 -3.9384
1.00432 0.988893 -4.60899
2.16049 0.851928 -4.19838
2.76753 0.689064 -1.74286
0.0082669 2.25167 -3.9384
1.00432 2.01111 -4.60899
2.16049 2.14807 -4.19838
2.76753 2.31094 -1.74286
0 3 0
0.91566 2.98137 -3.73797
2.3032 2.77792 -1.93257
2.4956 2.49426 1.98622
## (position) Systeme au temps : 1.15
0 0 0
0.915491 0.0201532 -3.77104
2.30047 0.22933 -1.96538
2.49053 0.510786 1.91909
0.00900745 0.743501 -3.9801
1.00452 0.987804 -4.67634
2.16592 0.847221 -4.24499
2.7596 0.690687 -1.76775
0.00900745 2.2565 -3.9801
1.00452 2.0122 -4.67634
2.16592 2.15278 -4.24499
2.7596 2.30931 -1.76775
0 3 0
0.915491 2.97985 -3.77104
2.30047 2.77067 -1.96538
2.49053 2.48921 1.91909
## (position) Systeme au temps : 1.16
0 0 0
0.915363 0.0217704 -3.80363
2.29754 0.236659 -1.99869
2.48552 0.515754 1.84134
0.0098002 0.738719 -4.02147
1.00473 0.986633 -4.74387
2.17136 0.842522 -4.29126
2.75157 0.692481 -1.79299
0.0098002 2.26128 -4.02147
1.00473 2.01337 -4.74387
2.17136 2.15748 -4.29126
2.75157 2.30752 -1.79299
0 3 0
0.915363 2.97823 -3.80363
2.29754 2.76334 -1.99869
2.48552 2.48425 1.84134
## (position) Systeme au temps : 1.17
0 0 0
0.915273 0.0234857 -3.83574
2.29441 0.244056 -2.03249
2.48057 0.52065 1.75299
0.0106475 0.733987 -4.06249
1.00494 0.985376 -4.81159
2.17681 0.837836 -4.33718
2.74345 0.694443 -1.81863
0.0106475 2.26601 -4.06249
1.00494 2.01462 -4.81159
2.17681 2.16216 -4.33718
2.74345 2.30556 -1.81863
0 3 0
0.915273 2.97651 -3.83574
2.29441 2.75594 -2.03249
2.48057 2.47935 1.75299
## (position) Systeme au temps : 1.18
0 0 0
0.915222 0.0253021 -3.86736
2.29108 0.251519 -2.06681
2.47569 0.525474 1.65419
0.0115518 0.72931 -4.10317
1.00515 0.984029 -4.87947
2.18225 0.833171 -4.38275
2.73522 0.696569 -1.84466
0.0115518 2.27069 -4.10317
1.00515 2.01597 -4.87947
2.18225 2.16683 -4.38275
2.73522 2.30343 -1.84466
0 3 0
0.915222 2.9747 -3.86736
2.29108 2.74848 -2.06681
2.47569 2.47453 1.65419
## (position) Systeme au temps : 1.19
0 0 0
0.915207 0.0272229 -3.89851
2.28756 0.259041 -2.10167
2.47088 0.530226 1.54513
0.0125153 0.724692 -4.14349
1.00537 0.98259 -4.94749
2.1877 0.828532 -4.42797
2.72691 0.698857 -1.87113
0.0125153 2.27531 -4.14349
1.00537 2.01741 -4.94749
2.1877 2.17147 -4.42797
2.72691 2.30114 -1.87113
0 3 0
0.915207 2.97278 -3.89851
2.28756 2.74096 -2.10167
2.47088 2.46977 1.54513
## (position) Systeme au temps : 1.2
0 0 0
0.915227 0.0292509 -3.92918
2.28385 0.266619 -2.13708
2.46612 0.534908 1.42613
0.0135405 0.720137 -4.18346
1.00559 0.981054 -5.01564
2.19312 0.823928 -4.47283
2.71852 0.701303 -1.89806
0.0135405 2.27986 -4.18346
1.00559 2.01895 -5.01564
2.19312 2.17607 -4.47283
2.71852 2.2987 -1.89806
0 3 0
0.915227 2.97075 -3.92918
2.28385 2.73338 -2.13708
2.46612 2.46509 1.42613
## (position) Systeme au temps : 1.21
0 0 0
0.915281 0.0313889 -3.95937
2.27996 0.274248 -2.17306
2.46143 0.53952 1.29758
0.0146296 0.715649 -4.22307
1.00581 0.979418 -5.08391
2.19853 0.819364 -4.51734
2.71004 0.703904 -1.92547
0.0146296 2.28435 -4.22307
1.00581 2.02058 -5.08391
2.19853 2.18064 -4.51734
2.71004 2.2961 -1.92547
0 3 0
0.915281 2.96861 -3.95937
2.27996 2.72575 -2.17306
2.46143 2.46048 1.29758
## (position) Systeme au temps : 1.22
0 0 0
0.915366 0.0336397 -3.9891
2.27589 0.281923 -2.20965
2.45679 0.544064 1.15994
0.015785 0.711231 -4.26231
1.00603 0.97768 -5.15227
2.2039 0.814848 -4.56149
2.70149 0.706656 -1.9534
0.015785 2.28877 -4.26231
1.00603 2.02232 -5.15227
2.2039 2.18515 -4.56149
2.70149 2.29334 -1.9534
0 3 0
0.915366 2.96636 -3.9891
2.27589 2.71808 -2.20965
2.45679 2.45594 1.15994
## (position) Systeme au temps : 1.23
0 0 0
0.91548 0.0360058 -4.01837
2.27165 0.289639 -2.24686
2.45221 0.548541 1.01378
0.017009 0.706889 -4.30118
1.00626 0.975836 -5.22071
2.20924 0.810385 -4.60529
2.69287 0.709555 -1.98189
0.017009 2.29311 -4.30118
1.00626 2.02416 -5.22071
2.20924 2.18962 -4.60529
2.69287 2.29044 -1.98189
0 3 0
0.91548 2.96399 -4.01837
2.27165 2.71036 -2.24686
2.45221 2.45146 1.01378
## (position) Systeme au temps : 1.24
0 0 0
0.915623 0.0384895 -4.04718
2.26723 0.297391 -2.28473
2.44769 0.552951 0.859714
0.0183037 0.702625 -4.33968
1.00649 0.973884 -5.28921
2.21454 0.805982 -4.64874
2.68418 0.712598 -2.01097
0.0183037 2.29738 -4.33968
1.00649 2.02612 -5.28921
2.21454 2.19402 -4.64874
2.68418 2.2874 -2.01097
0 3 0
0.915623 2.96151 -4.04718
2.26723 2.70261 -2.28473
2.44769 2.44705 0.859714
## (position) Systeme au temps : 1.25
0 0 0
0.915791 0.0410929 -4.07554
2.26264 0.305174 -2.32328
2.44322 0.557297 0.698442
0.0196712 0.698443 -4.37781
1.00672 0.971821 -5.35775
2.21978 0.801647 -4.69183
2.67543 0.715782 -2.04069
0.0196712 2.30156 -4.37781
1.00672 2.02818 -5.35775
2.21978 2.19835 -4.69183
2.67543 2.28422 -2.04069
0 3 0
0.915791 2.95891 -4.07554
2.26264 2.69483 -2.32328
2.44322 2.4427 0.698442
## (position) Systeme au temps : 1.26
0 0 0
0.915982 0.043818 -4.10346
2.2579 0.312984 -2.36255
2.4388 0.561579 0.530724
0.0211139 0.694347 -4.41556
1.00696 0.969644 -5.4263
2.22496 0.797385 -4.73457
2.66663 0.719102 -2.07107
0.0211139 2.30565 -4.41556
1.00696 2.03036 -5.4263
2.22496 2.20262 -4.73457
2.66663 2.2809 -2.07107
0 3 0
0.915982 2.95618 -4.10346
2.2579 2.68702 -2.36255
2.4388 2.43842 0.530724
## (position) Systeme au temps : 1.27
0 0 0
0.916195 0.0466666 -4.13096
2.25299 0.320814 -2.40257
2.43443 0.565799 0.357374
0.0226336 0.690341 -4.45292
1.0072 0.967351 -5.49486
2.23007 0.793203 -4.77696
2.65777 0.722554 -2.10217
0.0226336 2.30966 -4.45292
1.0072 2.03265 -5.49486
2.23007 2.2068 -4.77696
2.65777 2.27745 -2.10217
0 3 0
0.916195 2.95333 -4.13096
2.25299 2.67919 -2.40257
2.43443 2.4342 0.357374
## (position) Systeme au temps : 1.28
0 0 0
0.916427 0.0496402 -4.15802
2.24793 0.32866 -2.44337
2.43011 0.569958 0.179259
0.0242323 0.686427 -4.48991
1.00744 0.964941 -5.56339
2.23511 0.789107 -4.81901
2.64888 0.726135 -2.13402
0.0242323 2.31357 -4.48991
1.00744 2.03506 -5.56339
2.23511 2.21089 -4.81901
2.64888 2.27387 -2.13402
0 3 0
0.916427 2.95036 -4.15802
2.24793 2.67134 -2.44337
2.43011 2.43004 0.179259
## (position) Systeme au temps : 1.29
0 0 0
0.916676 0.0527401 -4.18468
2.24272 0.336517 -2.48498
2.42583 0.574058 -0.00271515
0.025912 0.682609 -4.52652
1.0077 0.962411 -5.63187
2.24006 0.785103 -4.86072
2.63994 0.729841 -2.16666
0.025912 2.31739 -4.52652
1.0077 2.03759 -5.63187
2.24006 2.2149 -4.86072
2.63994 2.27016 -2.16666
0 3 0
0.916676 2.94726 -4.18468
2.24272 2.66348 -2.48498
2.42583 2.42594 -0.00271515
## (position) Systeme au temps : 1.3
0 0 0
0.916939 0.0559674 -4.21093
2.23737 0.344379 -2.52743
2.42159 0.578099 -0.187606
0.0276745 0.67889 -4.56274
1.00795 0.959761 -5.70029
2.24492 0.781199 -4.9021
2.63097 0.733669 -2.20014
0.0276745 2.32111 -4.56274
1.00795 2.04024 -5.70029
2.24492 2.2188 -4.9021
2.63097 2.26633 -2.20014
0 3 0
0.916939 2.94403 -4.21093
2.23737 2.65562 -2.52743
2.42159 2.4219 -0.187606
## (position) Systeme au temps : 1.31
0 0 0
0.917213 0.0593229 -4.23679
2.23188 0.352241 -2.57076
2.4174 0.582084 -0.374447
0.0295214 0.675273 -4.59857
1.00821 0.956989 -5.76863
2.24968 0.777398 -4.94315
2.62198 0.737614 -2.23451
0.0295214 2.32473 -4.59857
1.00821 2.04301 -5.76863
2.24968 2.2226 -4.94315
2.62198 2.26239 -2.23451
0 3 0
0.917213 2.94068 -4.23679
2.23188 2.64776 -2.57076
2.4174 2.41792 -0.374447
## (position) Systeme au temps : 1.32
0 0 0
0.917496 0.0628072 -4.26227
2.22625 0.360098 -2.615
2.41325 0.586014 -0.562253
0.0314545 0.671761 -4.63402
1.00848 0.954094 -5.83685
2.25434 0.773709 -4.98389
2.61297 0.741675 -2.26979
0.0314545 2.32824 -4.63402
1.00848 2.04591 -5.83685
2.25434 2.22629 -4.98389
2.61297 2.25833 -2.26979
0 3 0
0.917496 2.93719 -4.26227
2.22625 2.6399 -2.615
2.41325 2.41399 -0.562253
## (position) Systeme au temps : 1.33
0 0 0
0.917784 0.0664208 -4.28739
2.22049 0.367943 -2.66018
2.40913 0.58989 -0.750028
0.0334753 0.668357 -4.66909
1.00875 0.951076 -5.90493
2.25888 0.770135 -5.02431
2.60394 0.745847 -2.30604
0.0334753 2.33164 -4.66909
1.00875 2.04892 -5.90493
2.25888 2.22986 -5.02431
2.60394 2.25415 -2.30604
0 3 0
0.917784 2.93358 -4.28739
2.22049 2.63206 -2.66018
2.40913 2.41011 -0.750028
## (position) Systeme au temps : 1.34
0 0 0
0.918076 0.0701636 -4.31214
2.2146 0.375772 -2.70632
2.40504 0.593712 -0.936779
0.0355852 0.665063 -4.70377
1.00904 0.947934 -5.97287
2.26331 0.766683 -5.06443
2.59491 0.750129 -2.3433
0.0355852 2.33494 -4.70377
1.00904 2.05207 -5.97287
2.26331 2.23332 -5.06443
2.59491 2.24987 -2.3433
0 3 0
0.918076 2.92984 -4.31214
2.2146 2.62423 -2.70632
2.40504 2.40629 -0.936779
## (position) Systeme au temps : 1.35
0 0 0
0.918367 0.0740356 -4.33656
2.20859 0.383578 -2.75346
2.40098 0.597482 -1.12152
0.0377856 0.661882 -4.73807
1.00933 0.944669 -6.04062
2.2676 0.763358 -5.10426
2.58588 0.754518 -2.38159
0.0377856 2.33812 -4.73807
1.00933 2.05533 -6.04062
2.2676 2.23664 -5.10426
2.58588 2.24548 -2.38159
0 3 0
0.918367 2.92596 -4.33656
2.20859 2.61642 -2.75346
2.40098 2.40252 -1.12152
## (position) Systeme au temps : 1.36
0 0 0
0.918654 0.0780364 -4.36065
2.20246 0.391356 -2.80161
2.39696 0.601199 -1.30328
0.0400777 0.658816 -4.77198
1.00962 0.94128 -6.10816
2.27176 0.760166 -5.14381
2.57686 0.759013 -2.42097
0.0400777 2.34118 -4.77198
1.00962 2.05872 -6.10816
2.27176 2.23983 -5.14381
2.57686 2.24099 -2.42097
0 3 0
0.918654 2.92196 -4.36065
2.20246 2.60864 -2.80161
2.39696 2.3988 -1.30328
## (position) Systeme au temps : 1.37
0 0 0
0.918935 0.0821653 -4.38442
2.19621 0.3991 -2.85081
2.39295 0.604864 -1.48112
0.0424627 0.655868 -4.80551
1.00993 0.937769 -6.17548
2.27578 0.757111 -5.18309
2.56785 0.763613 -2.46145
0.0424627 2.34413 -4.80551
1.00993 2.06223 -6.17548
2.27578 2.24289 -5.18309
2.56785 2.23639 -2.46145
0 3 0
0.918935 2.91783 -4.38442
2.19621 2.6009 -2.85081
2.39295 2.39514 -1.48112
## (position) Systeme au temps : 1.38
0 0 0
0.919205 0.0864213 -4.40789
2.18985 0.406802 -2.90107
2.38897 0.608476 -1.65413
0.0449415 0.653038 -4.83866
1.01025 0.934135 -6.24255
2.27964 0.754198 -5.22211
2.55887 0.768318 -2.50308
0.0449415 2.34696 -4.83866
1.01025 2.06586 -6.24255
2.27964 2.2458 -5.22211
2.55887 2.23168 -2.50308
0 3 0
0.919205 2.91358 -4.40789
2.18985 2.5932 -2.90107
2.38897 2.39152 -1.65413
## (position) Systeme au temps : 1.39
0 0 0
0.919462 0.0908033 -4.43108
2.18338 0.414458 -2.95241
2.385 0.612032 -1.82144
0.0475151 0.650329 -4.87143
1.01058 0.930382 -6.30934
2.28336 0.751432 -5.26089
2.54993 0.77313 -2.54587
0.0475151 2.34967 -4.87143
1.01058 2.06962 -6.30934
2.28336 2.24857 -5.26089
2.54993 2.22687 -2.54587
0 3 0
0.919462 2.9092 -4.43108
2.18338 2.58554 -2.95241
2.385 2.38797 -1.82144
## (position) Systeme au temps : 1.4
0 0 0
0.919702 0.0953099 -4.45399
2.17679 0.422059 -3.00484
2.38105 0.615528 -1.98223
0.0501843 0.647743 -4.90382
1.01091 0.926509 -6.37583
2.28691 0.748817 -5.29943
2.54104 0.778053 -2.58987
0.0501843 2.35226 -4.90382
1.01091 2.07349 -6.37583
2.28691 2.25118 -5.29943
2.54104 2.22195 -2.58987
0 3 0
0.919702 2.90469 -4.45399
2.17679 2.57794 -3.00484
2.38105 2.38447 -1.98223
## (position) Systeme au temps : 1.41
0 0 0
0.91992 0.0999393 -4.47665
2.1701 0.4296 -3.05838
2.3771 0.618959 -2.13576
0.0529497 0.64528 -4.93584
1.01126 0.92252 -6.442
2.29029 0.746357 -5.33776
2.53221 0.783093 -2.63507
0.0529497 2.35472 -4.93584
1.01126 2.07748 -6.442
2.29029 2.25364 -5.33776
2.53221 2.21691 -2.63507
0 3 0
0.91992 2.90006 -4.47665
2.1701 2.5704 -3.05838
2.3771 2.38104 -2.13576
## (position) Systeme au temps : 1.42
0 0 0
0.920114 0.10469 -4.49907
2.1633 0.437073 -3.11302
2.37316 0.622317 -2.28131
0.055812 0.642943 -4.96748
1.01163 0.918416 -6.50781
2.2935 0.744057 -5.37589
2.52345 0.788259 -2.6815
0.055812 2.35706 -4.96748
1.01163 2.08158 -6.50781
2.2935 2.25594 -5.37589
2.52345 2.21174 -2.6815
0 3 0
0.920114 2.89531 -4.49907
2.1633 2.56293 -3.11302
2.37316 2.37768 -2.28131
## (position) Systeme au temps : 1.43
0 0 0
0.920278 0.109559 -4.52127
2.1564 0.444472 -3.16877
2.3692 0.625587 -2.41829
0.0587715 0.640733 -4.99876
1.012 0.914199 -6.57326
2.29653 0.741919 -5.41384
2.51479 0.793566 -2.72915
0.0587715 2.35927 -4.99876
1.012 2.0858 -6.57326
2.29653 2.25808 -5.41384
2.51479 2.20643 -2.72915
0 3 0
0.920278 2.89044 -4.52127
2.1564 2.55553 -3.16877
2.3692 2.37441 -2.41829
## (position) Systeme au temps : 1.44
0 0 0
0.92041 0.114544 -4.54326
2.14938 0.451788 -3.22563
2.36522 0.628754 -2.54614
0.0618287 0.638649 -5.02966
1.01239 0.909874 -6.6383
2.29938 0.739948 -5.45161
2.50624 0.799029 -2.77804
0.0618287 2.36135 -5.02966
1.01239 2.09013 -6.6383
2.29938 2.26005 -5.45161
2.50624 2.20097 -2.77804
0 3 0
0.92041 2.88546 -4.54326
2.14938 2.54821 -3.22563
2.36522 2.37125 -2.54614
## (position) Systeme au temps : 1.45
0 0 0
0.920504 0.119642 -4.56506
2.14225 0.459016 -3.28359
2.36121 0.631795 -2.66442
0.0649837 0.636694 -5.0602
1.0128 0.905442 -6.70293
2.30203 0.738146 -5.48924
2.49784 0.804673 -2.82813
0.0649837 2.36331 -5.0602
1.0128 2.09456 -6.70293
2.30203 2.26185 -5.48924
2.49784 2.19533 -2.82813
0 3 0
0.920504 2.88036 -4.56506
2.14225 2.54098 -3.28359
2.36121 2.36821 -2.66442
## (position) Systeme au temps : 1.46
0 0 0
0.920557 0.124852 -4.58669
2.13502 0.466149 -3.34264
2.35716 0.634687 -2.77278
0.0682366 0.634867 -5.09038
1.01322 0.900908 -6.76711
2.30449 0.736516 -5.52674
2.48958 0.810521 -2.87939
0.0682366 2.36513 -5.09038
1.01322 2.09909 -6.76711
2.30449 2.26348 -5.52674
2.48958 2.18948 -2.87939
0 3 0
0.920557 2.87515 -4.58669
2.13502 2.53385 -3.34264
2.35716 2.36531 -2.77278
## (position) Systeme au temps : 1.47
0 0 0
0.920563 0.130168 -4.60816
2.12767 0.473182 -3.40277
2.35305 0.637408 -2.87097
0.0715875 0.633169 -5.12019
1.01366 0.896275 -6.83083
2.30676 0.735061 -5.56412
2.4815 0.816592 -2.93177
0.0715875 2.36683 -5.12019
1.01366 2.10373 -6.83083
2.30676 2.26494 -5.56412
2.4815 2.18341 -2.93177
0 3 0
0.920563 2.86983 -4.60816
2.12767 2.52682 -3.40277
2.35305 2.36259 -2.87097
## (position) Systeme au temps : 1.48
0 0 0
0.92052 0.135588 -4.62949
2.12021 0.480112 -3.46395
2.3489 0.639945 -2.95881
0.0750363 0.631601 -5.14965
1.01411 0.891547 -6.89405
2.30881 0.733784 -5.6014
2.47361 0.8229 -2.98522
0.0750363 2.3684 -5.14965
1.01411 2.10845 -6.89405
2.30881 2.26622 -5.6014
2.47361 2.1771 -2.98522
0 3 0
0.92052 2.86441 -4.62949
2.12021 2.51989 -3.46395
2.3489 2.36005 -2.95881
## (position) Systeme au temps : 1.49
0 0 0
0.920421 0.141109 -4.65069
2.11265 0.486936 -3.52616
2.34469 0.642291 -3.03624
0.0785826 0.630161 -5.17876
1.01458 0.886728 -6.95676
2.31066 0.732687 -5.63862
2.46589 0.829447 -3.03968
0.0785826 2.36984 -5.17876
1.01458 2.11327 -6.95676
2.31066 2.26731 -5.63862
2.46589 2.17055 -3.03968
0 3 0
0.920421 2.85889 -4.65069
2.11265 2.51306 -3.52616
2.34469 2.35771 -3.03624
## (position) Systeme au temps : 1.5
0 0 0
0.920261 0.146725 -4.67179
2.10497 0.493652 -3.58939
2.34045 0.644444 -3.10324
0.0822263 0.628851 -5.20752
1.01506 0.881824 -7.01893
2.3123 0.731771 -5.67578
2.45835 0.83623 -3.09512
0.0822263 2.37115 -5.20752
1.01506 2.11818 -7.01893
2.3123 2.26823 -5.67578
2.45835 2.16377 -3.09512
0 3 0
0.920261 2.85327 -4.67179
2.10497 2.50635 -3.58939
2.34045 2.35556 -3.10324
## (position) Systeme au temps : 1.51
0 0 0
0.920037 0.152434 -4.69279
2.0972 0.500264 -3.6536
2.33619 0.646404 -3.15988
0.0859668 0.627669 -5.23593
1.01557 0.876839 -7.08054
2.31372 0.731039 -5.71291
2.45099 0.843243 -3.1515
0.0859668 2.37233 -5.23593
1.01557 2.12316 -7.08054
2.31372 2.26896 -5.71291
2.45099 2.15676 -3.1515
0 3 0
0.920037 2.84757 -4.69279
2.0972 2.49974 -3.6536
2.33619 2.3536 -3.15988
## (position) Systeme au temps : 1.52
0 0 0
0.919743 0.15823 -4.71372
2.08934 0.506772 -3.71876
2.33189 0.648166 -3.20631
0.0898035 0.626616 -5.264
1.01609 0.871779 -7.14157
2.31492 0.730491 -5.75002
2.4438 0.850481 -3.20882
0.0898035 2.37338 -5.264
1.01609 2.12822 -7.14157
2.31492 2.26951 -5.75002
2.4438 2.14952 -3.20882
0 3 0
0.919743 2.84177 -4.71372
2.08934 2.49323 -3.71876
2.33189 2.35183 -3.20631
## (position) Systeme au temps : 1.53
0 0 0
0.919374 0.164109 -4.73459
2.0814 0.513182 -3.78484
2.32757 0.649729 -3.24274
0.093736 0.625691 -5.29172
1.01663 0.866648 -7.20199
2.3159 0.730129 -5.78714
2.43676 0.857936 -3.26706
0.093736 2.37431 -5.29172
1.01663 2.13335 -7.20199
2.3159 2.26987 -5.78714
2.43676 2.14206 -3.26706
0 3 0
0.919374 2.83589 -4.73459
2.0814 2.48682 -3.78484
2.32757 2.35027 -3.24274
## (position) Systeme au temps : 1.54
0 0 0
0.918925 0.170067 -4.75541
2.0734 0.519499 -3.85181
2.32324 0.65109 -3.26947
0.0977633 0.624892 -5.31912
1.01719 0.861452 -7.2618
2.31666 0.729954 -5.8243
2.42989 0.865602 -3.32624
0.0977633 2.37511 -5.31912
1.01719 2.13855 -7.2618
2.31666 2.27005 -5.8243
2.42989 2.1344 -3.32624
0 3 0
0.918925 2.82993 -4.75541
2.0734 2.4805 -3.85181
2.32324 2.34891 -3.26947
## (position) Systeme au temps : 1.55
0 0 0
0.918391 0.176098 -4.7762
2.06534 0.525728 -3.91964
2.31888 0.65225 -3.28686
0.101885 0.624219 -5.34618
1.01777 0.856198 -7.32095
2.31719 0.729966 -5.8615
2.42316 0.873464 -3.38637
0.101885 2.37578 -5.34618
1.01777 2.1438 -7.32095
2.31719 2.27003 -5.8615
2.42316 2.12654 -3.38637
0 3 0
0.918391 2.8239 -4.7762
2.06534 2.47427 -3.91964
2.31888 2.34775 -3.28686
## (position) Systeme au temps : 1.56
0 0 0
0.917765 0.182198 -4.79697
2.05724 0.531875 -3.98827
2.31451 0.653219 -3.29536
0.106099 0.62367 -5.37291
1.01836 0.850891 -7.37945
2.31749 0.730165 -5.89878
2.41657 0.881501 -3.44746
0.106099 2.37633 -5.37291
1.01836 2.14911 -7.37945
2.31749 2.26983 -5.89878
2.41657 2.1185 -3.44746
0 3 0
0.917765 2.8178 -4.79697
2.05724 2.46813 -3.98827
2.31451 2.34678 -3.29536
## (position) Systeme au temps : 1.57
0 0 0
0.917044 0.188361 -4.81775
2.04913 0.537947 -4.05768
2.31012 0.654016 -3.29547
0.110406 0.623245 -5.39931
1.01898 0.845537 -7.43726
2.31756 0.730553 -5.93616
2.41011 0.889685 -3.50953
0.110406 2.37675 -5.39931
1.01898 2.15446 -7.43726
2.31756 2.26945 -5.93616
2.41011 2.11031 -3.50953
0 3 0
0.917044 2.81164 -4.81775
2.04913 2.46205 -4.05768
2.31012 2.34598 -3.29547
## (position) Systeme au temps : 1.58
0 0 0
0.916222 0.194581 -4.83853
2.04101 0.543949 -4.12782
2.30574 0.654663 -3.2878
0.114803 0.622942 -5.4254
1.01962 0.840144 -7.49437
2.3174 0.731128 -5.97365
2.40375 0.897982 -3.57257
0.114803 2.37706 -5.4254
1.01962 2.15986 -7.49437
2.3174 2.26887 -5.97365
2.40375 2.10202 -3.57257
0 3 0
0.916222 2.80542 -4.83853
2.04101 2.45605 -4.12782
2.30574 2.34534 -3.2878
## (position) Systeme au temps : 1.59
0 0 0
0.915293 0.200854 -4.85934
2.03289 0.549886 -4.19863
2.30136 0.655185 -3.27303
0.11929 0.622759 -5.45117
1.02027 0.834717 -7.55076
2.31702 0.731891 -6.01128
2.39749 0.906356 -3.63659
0.11929 2.37724 -5.45117
1.02027 2.16528 -7.55076
2.31702 2.26811 -6.01128
2.39749 2.09364 -3.63659
0 3 0
0.915293 2.79915 -4.85934
2.03289 2.45011 -4.19863
2.30136 2.34481 -3.27303
## (position) Systeme au temps : 1.6
0 0 0
0.914252 0.207173 -4.88019
2.02481 0.555764 -4.27008
2.29698 0.655606 -3.25191
0.123866 0.622694 -5.47662
1.02094 0.829264 -7.60641
2.31639 0.73284 -6.04908
2.39131 0.914775 -3.70156
0.123866 2.37731 -5.47662
1.02094 2.17074 -7.60641
2.31639 2.26716 -6.04908
2.39131 2.08523 -3.70156
0 3 0
0.914252 2.79283 -4.88019
2.02481 2.44424 -4.27008
2.29698 2.34439 -3.25191
## (position) Systeme au temps : 1.61
0 0 0
0.913094 0.213533 -4.90108
2.01676 0.561585 -4.3421
2.29262 0.655946 -3.22523
0.128528 0.622746 -5.50177
1.02163 0.823792 -7.66131
2.31554 0.733975 -6.08705
2.3852 0.923208 -3.76744
0.128528 2.37725 -5.50177
1.02163 2.17621 -7.66131
2.31554 2.26603 -6.08705
2.3852 2.07679 -3.76744
0 3 0
0.913094 2.78647 -4.90108
2.01676 2.43841 -4.3421
2.29262 2.34405 -3.22523
## (position) Systeme au temps : 1.62
0 0 0
0.911815 0.219929 -4.92204
2.00877 0.567354 -4.41465
2.28827 0.656225 -3.19386
0.133276 0.622913 -5.5266
1.02234 0.818306 -7.71543
2.31446 0.735294 -6.12524
2.37916 0.931629 -3.83421
0.133276 2.37709 -5.5266
1.02234 2.18169 -7.71543
2.31446 2.26471 -6.12524
2.37916 2.06837 -3.83421
0 3 0
0.911815 2.78007 -4.92204
2.00877 2.43265 -4.41465
2.28827 2.34377 -3.19386
## (position) Systeme au temps : 1.63
0 0 0
0.910409 0.226354 -4.94305
2.00084 0.573074 -4.48768
2.28392 0.656459 -3.1587
0.138108 0.623192 -5.55114
1.02307 0.812816 -7.76877
2.31314 0.736796 -6.16365
2.37317 0.940015 -3.90182
0.138108 2.37681 -5.55114
1.02307 2.18718 -7.76877
2.31314 2.2632 -6.16365
2.37317 2.05998 -3.90182
0 3 0
0.910409 2.77365 -4.94305
2.00084 2.42693 -4.48768
2.28392 2.34354 -3.1587
## (position) Systeme au temps : 1.64
0 0 0
0.908873 0.232803 -4.96415
1.99299 0.578746 -4.56112
2.27959 0.65666 -3.12067
0.143022 0.623581 -5.57537
1.02381 0.807327 -7.82131
2.31159 0.73848 -6.2023
2.36724 0.948345 -3.97022
0.143022 2.37642 -5.57537
1.02381 2.19267 -7.82131
2.31159 2.26152 -6.2023
2.36724 2.05165 -3.97022
0 3 0
0.908873 2.7672 -4.96415
1.99299 2.42125 -4.56112
2.27959 2.34334 -3.12067
## (position) Systeme au temps : 1.65
0 0 0
0.907202 0.23927 -4.98533
1.98522 0.584374 -4.63492
2.27527 0.656841 -3.08075
0.148017 0.624078 -5.59931
1.02457 0.801848 -7.87304
2.30982 0.740342 -6.24123
2.36136 0.956601 -4.03938
0.148017 2.37592 -5.59931
1.02457 2.19815 -7.87304
2.30982 2.25966 -6.24123
2.36136 2.0434 -4.03938
0 3 0
0.907202 2.76073 -4.98533
1.98522 2.41563 -4.63492
2.27527 2.34316 -3.08075
## (position) Systeme au temps : 1.66
0 0 0
0.905392 0.245749 -5.00659
1.97755 0.589959 -4.70903
2.27096 0.657013 -3.03989
0.15309 0.62468 -5.62296
1.02535 0.796385 -7.92394
2.30781 0.742381 -6.28045
2.35553 0.964767 -4.10923
0.15309 2.37532 -5.62296
1.02535 2.20361 -7.92394
2.30781 2.25762 -6.28045
2.35553 2.03523 -4.10923
0 3 0
0.905392 2.75425 -5.00659
1.97755 2.41004 -4.70903
2.27096 2.34299 -3.03989
## (position) Systeme au temps : 1.67
0 0 0
0.903441 0.252236 -5.02795
1.96998 0.595502 -4.7834
2.26665 0.657185 -2.99907
0.15824 0.625384 -5.64631
1.02614 0.790947 -7.97401
2.30558 0.744595 -6.31998
2.34974 0.972828 -4.17974
0.15824 2.37462 -5.64631
1.02614 2.20905 -7.97401
2.30558 2.25541 -6.31998
2.34974 2.02717 -4.17974
0 3 0
0.903441 2.74776 -5.02795
1.96998 2.4045 -4.7834
2.26665 2.34282 -2.99907
## (position) Systeme au temps : 1.68
0 0 0
0.901346 0.258724 -5.04942
1.96252 0.601004 -4.85797
2.26234 0.657365 -2.95927
0.163466 0.626189 -5.66938
1.02694 0.78554 -8.02322
2.30312 0.74698 -6.35984
2.344 0.980771 -4.25084
0.163466 2.37381 -5.66938
1.02694 2.21446 -8.02322
2.30312 2.25302 -6.35984
2.344 2.01923 -4.25084
0 3 0
0.901346 2.74128 -5.04942
1.96252 2.399 -4.85797
2.26234 2.34264 -2.95927
## (position) Systeme au temps : 1.69
0 0 0
0.899105 0.265209 -5.07098
1.95518 0.606466 -4.93268
2.25804 0.65756 -2.92145
0.168764 0.62709 -5.69217
1.02776 0.780173 -8.07157
2.30045 0.749534 -6.40004
2.33829 0.988585 -4.3225
0.168764 2.37291 -5.69217
1.02776 2.21983 -8.07157
2.30045 2.25047 -6.40004
2.33829 2.01141 -4.3225
0 3 0
0.899105 2.73479 -5.07098
1.95518 2.39353 -4.93268
2.25804 2.34244 -2.92145
## (position) Systeme au temps : 1.7
0 0 0
0.896717 0.271686 -5.09265
1.94797 0.611887 -5.0075
2.25374 0.657777 -2.88656
0.174134 0.628085 -5.71467
1.02859 0.774852 -8.11905
2.29755 0.752253 -6.44062
2.33263 0.996259 -4.39466
0.174134 2.37192 -5.71467
1.02859 2.22515 -8.11905
2.29755 2.24775 -6.44062
2.33263 2.00374 -4.39466
0 3 0
0.896717 2.72831 -5.09265
1.94797 2.38811 -5.0075
2.25374 2.34222 -2.88656
## (position) Systeme au temps : 1.71
0 0 0
0.894182 0.278149 -5.11443
1.94087 0.617269 -5.08238
2.24943 0.658023 -2.85549
0.179572 0.629171 -5.7369
1.02942 0.769586 -8.16566
2.29444 0.755134 -6.48159
2.32701 1.00378 -4.46728
0.179572 2.37083 -5.7369
1.02942 2.23041 -8.16566
2.29444 2.24487 -6.48159
2.32701 1.99622 -4.46728
0 3 0
0.894182 2.72185 -5.11443
1.94087 2.38273 -5.08238
2.24943 2.34198 -2.85549
## (position) Systeme au temps : 1.72
0 0 0
0.8915 0.284595 -5.13632
1.93391 0.622609 -5.15725
2.24512 0.658303 -2.82914
0.185077 0.630345 -5.75886
1.03027 0.764381 -8.21138
2.29112 0.758173 -6.52296
2.32142 1.01115 -4.5403
0.185077 2.36965 -5.75886
1.03027 2.23562 -8.21138
2.29112 2.24183 -6.52296
2.32142 1.98885 -4.5403
0 3 0
0.8915 2.7154 -5.13632
1.93391 2.37739 -5.15725
2.24512 2.3417 -2.82914
## (position) Systeme au temps : 1.73
0 0 0
0.888672 0.291019 -5.15832
1.92707 0.627908 -5.2321
2.24081 0.658622 -2.80833
0.190646 0.631604 -5.78054
1.03113 0.759245 -8.2562
2.28758 0.761366 -6.56475
2.31588 1.01835 -4.61369
0.190646 2.3684 -5.78054
1.03113 2.24076 -8.2562
2.28758 2.23863 -6.56475
2.31588 1.98165 -4.61369
0 3 0
0.888672 2.70898 -5.15832
1.92707 2.37209 -5.2321
2.24081 2.34138 -2.80833
## (position) Systeme au temps : 1.74
0 0 0
0.885702 0.297418 -5.18044
1.92036 0.633165 -5.30686
2.23649 0.658985 -2.79383
0.196278 0.632945 -5.80195
1.03199 0.754186 -8.30013
2.28384 0.764709 -6.60698
2.31037 1.02537 -4.6874
0.196278 2.36706 -5.80195
1.03199 2.24581 -8.30013
2.28384 2.23529 -6.60698
2.31037 1.97463 -4.6874
0 3 0
0.885702 2.70258 -5.18044
1.92036 2.36683 -5.30686
2.23649 2.34102 -2.79383
## (position) Systeme au temps : 1.75
0 0 0
0.88259 0.303787 -5.20266
1.91378 0.638378 -5.3815
2.23216 0.659395 -2.78638
0.20197 0.634364 -5.8231
1.03285 0.74921 -8.34316
2.2799 0.768199 -6.64966
2.3049 1.03222 -4.76138
0.20197 2.36564 -5.8231
1.03285 2.25079 -8.34316
2.2799 2.2318 -6.64966
2.3049 1.96778 -4.76138
0 3 0
0.88259 2.69621 -5.20266
1.91378 2.36162 -5.3815
2.23216 2.3406 -2.78638
## (position) Systeme au temps : 1.76
0 0 0
0.879343 0.310123 -5.22499
1.90732 0.643546 -5.45599
2.22782 0.659858 -2.78661
0.207719 0.635857 -5.84398
1.03372 0.744325 -8.38527
2.27577 0.77183 -6.69281
2.29946 1.03888 -4.83561
0.207719 2.36414 -5.84398
1.03372 2.25567 -8.38527
2.27577 2.22817 -6.69281
2.29946 1.96112 -4.83561
0 3 0
0.879343 2.68988 -5.22499
1.90732 2.35645 -5.45599
2.22782 2.34014 -2.78661
## (position) Systeme au temps : 1.77
0 0 0
0.875963 0.316424 -5.24744
1.90099 0.648667 -5.5303
2.22347 0.660376 -2.79512
0.213523 0.637423 -5.86459
1.03459 0.739538 -8.42648
2.27144 0.775598 -6.73644
2.29407 1.04534 -4.91004
0.213523 2.36258 -5.86459
1.03459 2.26046 -8.42648
2.27144 2.2244 -6.73644
2.29407 1.95466 -4.91004
0 3 0
0.875963 2.68358 -5.24744
1.90099 2.35133 -5.5303
2.22347 2.33962 -2.79512
## (position) Systeme au temps : 1.78
0 0 0
0.872456 0.322686 -5.27
1.89477 0.653738 -5.60438
2.21911 0.660953 -2.8124
0.21938 0.639056 -5.88495
1.03545 0.734857 -8.46677
2.26693 0.779499 -6.78057
2.28871 1.05161 -4.98464
0.21938 2.36094 -5.88495
1.03545 2.26514 -8.46677
2.26693 2.2205 -6.78057
2.28871 1.94839 -4.98464
0 3 0
0.872456 2.67731 -5.27
1.89477 2.34626 -5.60438
2.21911 2.33905 -2.8124
## (position) Systeme au temps : 1.79
0 0 0
0.868829 0.328907 -5.29266
1.88867 0.658759 -5.67822
2.21473 0.661591 -2.83889
0.225287 0.640754 -5.90505
1.03631 0.730286 -8.50615
2.26223 0.783527 -6.82521
2.28338 1.05768 -5.05938
0.225287 2.35925 -5.90505
1.03631 2.26971 -8.50615
2.26223 2.21647 -6.82521
2.28338 1.94232 -5.05938
0 3 0
0.868829 2.67109 -5.29266
1.88867 2.34124 -5.67822
2.21473 2.33841 -2.83889
## (position) Systeme au temps : 1.8
0 0 0
0.865087 0.335084 -5.31544
1.88268 0.663726 -5.7518
2.21035 0.662293 -2.87492
0.231242 0.642513 -5.92489
1.03717 0.725835 -8.54462
2.25736 0.787678 -6.87036
2.27809 1.06354 -5.13425
0.231242 2.35749 -5.92489
1.03717 2.27417 -8.54462
2.25736 2.21232 -6.87036
2.27809 1.93646 -5.13425
0 3 0
0.865087 2.66492 -5.31544
1.88268 2.33627 -5.7518
2.21035 2.33771 -2.87492
## (position) Systeme au temps : 1.81
0 0 0
0.861238 0.341215 -5.33834
1.87678 0.668637 -5.82508
2.20594 0.66306 -2.92074
0.237242 0.64433 -5.94448
1.03802 0.721508 -8.58217
2.25231 0.791947 -6.91605
2.27284 1.0692 -5.2092
0.237242 2.35567 -5.94448
1.03802 2.27849 -8.58217
2.25231 2.20805 -6.91605
2.27284 1.9308 -5.2092
0 3 0
0.861238 2.65879 -5.33834
1.87678 2.33136 -5.82508
2.20594 2.33694 -2.92074
## (position) Systeme au temps : 1.82
0 0 0
0.857287 0.347298 -5.36134
1.87098 0.673489 -5.89805
2.20153 0.663896 -2.97652
0.243284 0.646202 -5.96382
1.03885 0.717312 -8.6188
2.2471 0.796328 -6.96227
2.26762 1.07465 -5.28423
0.243284 2.3538 -5.96382
1.03885 2.28269 -8.6188
2.2471 2.20367 -6.96227
2.26762 1.92535 -5.28423
0 3 0
0.857287 2.6527 -5.36134
1.87098 2.32651 -5.89805
2.20153 2.3361 -2.97652
## (position) Systeme au temps : 1.83
0 0 0
0.853244 0.353331 -5.38445
1.86527 0.678281 -5.9707
2.19709 0.664801 -3.04233
0.249366 0.648124 -5.9829
1.03968 0.713253 -8.65453
2.24173 0.800816 -7.00904
2.26244 1.07988 -5.35932
0.249366 2.35188 -5.9829
1.03968 2.28675 -8.65453
2.24173 2.19918 -7.00904
2.26244 1.92012 -5.35932
0 3 0
0.853244 2.64667 -5.38445
1.86527 2.32172 -5.9707
2.19709 2.3352 -3.04233
## (position) Systeme au temps : 1.84
0 0 0
0.849115 0.359313 -5.40768
1.85964 0.68301 -6.04302
2.19265 0.665777 -3.11815
0.255486 0.650093 -6.00173
1.04049 0.709338 -8.68935
2.23621 0.805407 -7.05636
2.25729 1.0849 -5.43445
0.255486 2.34991 -6.00173
1.04049 2.29066 -8.68935
2.23621 2.19459 -7.05636
2.25729 1.9151 -5.43445
0 3 0
0.849115 2.64069 -5.40768
1.85964 2.31699 -6.04302
2.19265 2.33422 -3.11815
## (position) Systeme au temps : 1.85
0 0 0
0.844908 0.365241 -5.43103
1.85408 0.687673 -6.11499
2.18818 0.666824 -3.20387
0.26164 0.652105 -6.02031
1.04128 0.705572 -8.72326
2.23054 0.810094 -7.10425
2.25218 1.08971 -5.50962
0.26164 2.34789 -6.02031
1.04128 2.29443 -8.72326
2.23054 2.18991 -7.10425
2.25218 1.91029 -5.50962
0 3 0
0.844908 2.63476 -5.43103
1.85408 2.31233 -6.11499
2.18818 2.33318 -3.20387
## (position) Systeme au temps : 1.86
0 0 0
0.84063 0.371114 -5.45448
1.84858 0.692268 -6.18661
2.1837 0.667943 -3.29928
0.267825 0.654158 -6.03865
1.04205 0.701959 -8.75628
2.22472 0.814873 -7.1527
2.2471 1.0943 -5.58483
0.267825 2.34584 -6.03865
1.04205 2.29804 -8.75628
2.22472 2.18513 -7.1527
2.2471 1.9057 -5.58483
0 3 0
0.84063 2.62889 -5.45448
1.84858 2.30773 -6.18661
2.1837 2.33206 -3.29928
## (position) Systeme au temps : 1.87
0 0 0
0.836291 0.37693 -5.47806
1.84315 0.696792 -6.25788
2.17921 0.669135 -3.4041
0.27404 0.656247 -6.05673
1.04279 0.698507 -8.78841
2.21877 0.819738 -7.20173
2.24206 1.09868 -5.66006
0.27404 2.34375 -6.05673
1.04279 2.30149 -8.78841
2.21877 2.18026 -7.20173
2.24206 1.90132 -5.66006
0 3 0
0.836291 2.62307 -5.47806
1.84315 2.30321 -6.25788
2.17921 2.33087 -3.4041
## (position) Systeme au temps : 1.88
0 0 0
0.831896 0.382688 -5.50175
1.83775 0.701244 -6.32879
2.1747 0.670398 -3.51795
0.280281 0.65837 -6.07457
1.04351 0.695219 -8.81965
2.2127 0.824684 -7.25133
2.23705 1.10284 -5.73532
0.280281 2.34163 -6.07457
1.04351 2.30478 -8.81965
2.2127 2.17532 -7.25133
2.23705 1.89716 -5.73532
0 3 0
0.831896 2.61731 -5.50175
1.83775 2.29876 -6.32879
2.1747 2.3296 -3.51795
## (position) Systeme au temps : 1.89
0 0 0
0.827455 0.388386 -5.52557
1.8324 0.705621 -6.39936
2.17017 0.671732 -3.64037
0.286546 0.660522 -6.09217
1.0442 0.6921 -8.85001
2.20649 0.829705 -7.30151
2.23208 1.10678 -5.81061
0.286546 2.33948 -6.09217
1.0442 2.3079 -8.85001
2.20649 2.17029 -7.30151
2.23208 1.89322 -5.81061
0 3 0
0.827455 2.61161 -5.52557
1.8324 2.29438 -6.39936
2.17017 2.32827 -3.64037
## (position) Systeme au temps : 1.9
0 0 0
0.822974 0.394023 -5.5495
1.82709 0.709921 -6.46959
2.16563 0.673137 -3.77082
0.292832 0.662701 -6.10951
1.04486 0.689155 -8.8795
2.20018 0.834797 -7.35227
2.22714 1.11051 -5.88595
0.292832 2.3373 -6.10951
1.04486 2.31085 -8.8795
2.20018 2.1652 -7.35227
2.22714 1.88949 -5.88595
0 3 0
0.822974 2.60598 -5.5495
1.82709 2.29008 -6.46959
2.16563 2.32686 -3.77082
## (position) Systeme au temps : 1.91
0 0 0
0.818461 0.399597 -5.57356
1.82179 0.714142 -6.53949
2.16107 0.674612 -3.9087
0.299135 0.664902 -6.12661
1.04548 0.686387 -8.90812
2.19375 0.839954 -7.40362
2.22223 1.11404 -5.96133
0.299135 2.3351 -6.12661
1.04548 2.31361 -8.90812
2.19375 2.16005 -7.40362
2.22223 1.88596 -5.96133
0 3 0
0.818461 2.6004 -5.57356
1.82179 2.28586 -6.53949
2.16107 2.32539 -3.9087
## (position) Systeme au temps : 1.92
0 0 0
0.813923 0.405106 -5.59774
1.81651 0.718282 -6.60906
2.1565 0.676153 -4.05332
0.305454 0.667123 -6.14347
1.04606 0.683801 -8.9359
2.18722 0.845171 -7.45554
2.21736 1.11735 -6.03677
0.305454 2.33288 -6.14347
1.04606 2.3162 -8.9359
2.18722 2.15483 -7.45554
2.21736 1.88265 -6.03677
0 3 0
0.813923 2.59489 -5.59774
1.81651 2.28172 -6.60906
2.1565 2.32385 -4.05332
## (position) Systeme au temps : 1.93
0 0 0
0.809367 0.410551 -5.62205
1.81124 0.72234 -6.67833
2.15192 0.67776 -4.20395
0.311785 0.66936 -6.16008
1.0466 0.681401 -8.96283
2.1806 0.850442 -7.50806
2.21252 1.12046 -6.11229
0.311785 2.33064 -6.16008
1.0466 2.3186 -8.96283
2.1806 2.14956 -7.50806
2.21252 1.87954 -6.11229
0 3 0
0.809367 2.58945 -5.62205
1.81124 2.27766 -6.67833
2.15192 2.32224 -4.20395
## (position) Systeme au temps : 1.94
0 0 0
0.804799 0.415928 -5.64648
1.80597 0.726314 -6.7473
2.14733 0.679429 -4.35979
0.318126 0.67161 -6.17645
1.0471 0.679189 -8.98894
2.17388 0.855763 -7.56115
2.20771 1.12337 -6.1879
0.318126 2.32839 -6.17645
1.0471 2.32081 -8.98894
2.17388 2.14424 -7.56115
2.20771 1.87663 -6.1879
0 3 0
0.804799 2.58407 -5.64648
1.80597 2.27369 -6.7473
2.14733 2.32057 -4.35979
## (position) Systeme au temps : 1.95
0 0 0
0.800227 0.421237 -5.67104
1.80069 0.730202 -6.81599
2.14272 0.681158 -4.52
0.324473 0.67387 -6.19258
1.04755 0.677168 -9.01423
2.16708 0.861128 -7.61483
2.20294 1.12607 -6.26361
0.324473 2.32613 -6.19258
1.04755 2.32283 -9.01423
2.16708 2.13887 -7.61483
2.20294 1.87393 -6.26361
0 3 0
0.800227 2.57876 -5.67104
1.80069 2.2698 -6.81599
2.14272 2.31884 -4.52
## (position) Systeme au temps : 1.96
0 0 0
0.795657 0.426476 -5.69573
1.7954 0.734004 -6.88443
2.13811 0.682942 -4.6837
0.330824 0.676137 -6.20845
1.04794 0.675341 -9.03871
2.16021 0.866533 -7.66908
2.19821 1.12859 -6.33945
0.330824 2.32386 -6.20845
1.04794 2.32466 -9.03871
2.16021 2.13347 -7.66908
2.19821 1.87141 -6.33945
0 3 0
0.795657 2.57352 -5.69573
1.7954 2.266 -6.88443
2.13811 2.31706 -4.6837
## (position) Systeme au temps : 1.97
0 0 0
0.791095 0.431645 -5.72054
1.79008 0.737718 -6.95262
2.13348 0.684778 -4.84997
0.337177 0.678407 -6.22409
1.04828 0.67371 -9.0624
2.15326 0.871973 -7.72391
2.1935 1.13092 -6.41543
0.337177 2.32159 -6.22409
1.04828 2.32629 -9.0624
2.15326 2.12803 -7.72391
2.1935 1.86908 -6.41543
0 3 0
0.791095 2.56836 -5.72054
1.79008 2.26228 -6.95262
2.13348 2.31522 -4.84997
## (position) Systeme au temps : 1.98
0 0 0
0.786547 0.436741 -5.74549
1.78473 0.741344 -7.0206
2.12886 0.68666 -5.01787
0.343527 0.680678 -6.23948
1.04855 0.672278 -9.08531
2.14626 0.877443 -7.77931
2.18884 1.13306 -6.49158
0.343527 2.31932 -6.23948
1.04855 2.32772 -9.08531
2.14626 2.12256 -7.77931
2.18884 1.86694 -6.49158
0 3 0
0.786547 2.56326 -5.74549
1.78473 2.25866 -7.0206
2.12886 2.31334 -5.01787
## (position) Systeme au temps : 1.99
0 0 0
0.782018 0.441764 -5.77057
1.77935 0.744879 -7.08837
2.12422 0.688583 -5.18645
0.349872 0.682946 -6.25462
1.04877 0.671045 -9.10745
2.13919 0.882938 -7.83528
2.1842 1.13503 -6.56791
0.349872 2.31705 -6.25462
1.04877 2.32895 -9.10745
2.13919 2.11706 -7.83528
2.1842 1.86497 -6.56791
0 3 0
0.782018 2.55824 -5.77057
1.77935 2.25512 -7.08837
2.12422 2.31142 -5.18645
## (position) Systeme au temps : 2
0 0 0
0.777515 0.446713 -5.79577
1.77391 0.748325 -7.15597
2.11959 0.690541 -5.35475
0.35621 0.685209 -6.26952
1.04892 0.670014 -9.12885
2.13208 0.888455 -7.89181
2.1796 1.13683 -6.64443
0.35621 2.31479 -6.26952
1.04892 2.32999 -9.12885
2.13208 2.11154 -7.89181
2.1796 1.86317 -6.64443
0 3 0
0.777515 2.55329 -5.79577
1.77391 2.25168 -7.15597
2.11959 2.30946 -5.35475