## (position) Systeme au temps : 0.01
0 0 0
1 1.60393e-12 -0.000488934
2 1.60393e-12 -0.000488934
3 3.0579e-23 -9.32149e-15
1.60393e-12 1 -0.000488934
1 1 -0.000488934
2 1 -0.000488934
3 1 -0.000488934
1.60393e-12 2 -0.000488934
1 2 -0.000488934
2 2 -0.000488934
3 2 -0.000488934
0 3 0
1 3 -0.000488934
2 3 -0.000488934
3 3 -1.86431e-14
## (position) Systeme au temps : 0.02
0 0 0
1 3.16782e-11 -0.0019495
2 3.16782e-11 -0.0019495
3 2.63129e-11 0.000450278
3.16782e-11 1 -0.0019495
1 1 -0.0019495
2 1 -0.0019495
3 1 -0.0019495
3.16782e-11 2 -0.0019495
1 2 -0.0019495
2 2 -0.0019495
3 2 -0.0019495
0 3 0
1 3 -0.0019495
2 3 -0.0019495
3 3 0.000450278
## (position) Systeme au temps : 0.03
0 0 0
1 2.02669e-10 -0.00437242
2 2.02669e-10 -0.00437242
3 7.53694e-10 0.00224165
2.02669e-10 1 -0.00437242
1 1 -0.00437242
2 1 -0.00437242
3 1 -0.00437242
2.02669e-10 2 -0.00437242
1 2 -0.00437242
2 2 -0.00437242
3 2 -0.00437242
0 3 0
1 3 -0.00437242
2 3 -0.00437242
3 3 0.00224165
## (position) Systeme au temps : 0.04
0 0 0
1 7.23341e-10 -0.0077485
2 7.23341e-10 -0.0077485
3 7.26207e-09 0.00624449
7.23341e-10 1 -0.0077485
1 1 -0.0077485
2 1 -0.0077485
3 1 -0.0077485
7.23341e-10 2 -0.0077485
1 2 -0.0077485
2 2 -0.0077485
3 2 -0.0077485
0 3 0
1 3 -0.0077485
2 3 -0.0077485
3 3 0.00624449
## (position) Systeme au temps : 0.05
0 0 0
1 1.89496e-09 -0.0120686
2 1.89496e-09 -0.0120686
3 4.10741e-08 0.0133011
1.89496e-09 1 -0.0120686
1 1 -0.0120686
2 1 -0.0120686
3 1 -0.0120686
1.89496e-09 2 -0.0120686
1 2 -0.0120686
2 2 -0.0120686
3 2 -0.0120686
0 3 0
1 3 -0.0120686
2 3 -0.0120686
3 3 0.0133011
## (position) Systeme au temps : 0.06
0 0 0
1 4.10754e-09 -0.0173238
2 4.10754e-09 -0.0173238
3 1.67648e-07 0.0242181
4.10754e-09 1 -0.0173238
1 1 -0.0173238
2 1 -0.0173238
3 1 -0.0173238
4.10754e-09 2 -0.0173238
1 2 -0.0173238
2 2 -0.0173238
3 2 -0.0173238
0 3 0
1 3 -0.0173238
2 3 -0.0173238
3 3 0.0242181
## (position) Systeme au temps : 0.07
0 0 0
1 7.83619e-09 -0.023505
2 7.83621e-09 -0.023505
3 5.48054e-07 0.0397599
7.83619e-09 1 -0.023505
1 1 -0.0235051
2 1 -0.0235051
3 0.999999 -0.023505
7.83619e-09 2 -0.023505
1 2 -0.0235051
2 2 -0.0235051
3 2 -0.023505
0 3 0
1 3 -0.023505
2 3 -0.023505
3 3 0.0397599
## (position) Systeme au temps : 0.08
0 0 0
1 1.36375e-08 -0.0306036
2 1.36377e-08 -0.0306035
3 1.52433e-06 0.0606412
1.36375e-08 1 -0.0306036
1 1 -0.0306036
2 1 -0.0306036
3 0.999998 -0.0306034
1.36375e-08 2 -0.0306036
1 2 -0.0306036
2 2 -0.0306036
3 2 -0.0306035
0 3 0
1 3 -0.0306036
2 3 -0.0306035
3 3 0.0606412
## (position) Systeme au temps : 0.09
0 0 0
0.999999 2.21459e-08 -0.0386105
2 2.21475e-08 -0.0386104
3 3.74752e-06 0.0875213
2.21459e-08 0.999999 -0.0386105
1 1 -0.0386106
2 1 -0.0386106
3 0.999994 -0.0386101
2.21459e-08 2 -0.0386105
1 2 -0.0386106
2 2 -0.0386106
3 2 -0.0386104
0 3 0
0.999999 3 -0.0386105
2 3 -0.0386104
3 3 0.0875212
## (position) Systeme au temps : 0.1
0 0 0
0.999999 3.40703e-08 -0.0475173
2.00001 3.40791e-08 -0.0475168
2.99999 8.35476e-06 0.120998
3.40703e-08 0.999999 -0.0475173
1 1 -0.0475174
2 1 -0.0475174
3 0.999988 -0.0475162
3.40703e-08 2 -0.0475173
1 2 -0.0475174
2 2 -0.0475174
3 2.00001 -0.0475168
0 3 0
0.999999 3 -0.0475173
2.00001 3 -0.0475168
2.99999 2.99999 0.120998
## (position) Systeme au temps : 0.11
0 0 0
0.999998 5.01909e-08 -0.0573153
2.00001 5.02301e-08 -0.0573139
2.99998 1.7196e-05 0.161601
5.01909e-08 0.999998 -0.0573153
1 1 -0.0573154
2 1 -0.0573154
3 0.999976 -0.0573123
5.01909e-08 2 -0.0573153
1 2 -0.0573154
2 2 -0.0573154
3 2.00001 -0.0573139
0 3 0
0.999998 3 -0.0573153
2.00001 3 -0.0573139
2.99998 2.99998 0.161601
## (position) Systeme au temps : 0.12
0 0 0
0.999997 7.13551e-08 -0.0679959
2.00003 7.15069e-08 -0.0679924
2.99996 3.31009e-05 0.20979
7.13551e-08 0.999997 -0.0679959
1 1 -0.0679961
2 1 -0.0679961
3 0.999955 -0.0679889
7.13551e-08 2 -0.0679959
1 2 -0.0679961
2 2 -0.0679961
3 2.00003 -0.0679924
0 3 0
0.999997 3 -0.0679959
2.00003 3 -0.0679924
2.99996 2.99996 0.20979
## (position) Systeme au temps : 0.13
0 0 0
0.999994 9.8475e-08 -0.0795508
2.00005 9.89955e-08 -0.0795426
2.99993 6.01637e-05 0.265947
9.8475e-08 0.999994 -0.0795508
1 1 -0.079551
2 1 -0.079551
3 0.99992 -0.0795355
9.8475e-08 2.00001 -0.0795508
1 2 -0.079551
2 2 -0.079551
3 2.00005 -0.0795426
0 3 0
0.999994 3 -0.0795508
2.00005 3 -0.0795426
2.99993 2.99993 0.265945
## (position) Systeme au temps : 0.14
0 0 0
0.999991 1.32524e-07 -0.0919715
2.00009 1.3413e-07 -0.091954
2.99988 0.000104005 0.330372
1.32524e-07 0.999991 -0.0919715
1 1 -0.0919719
2 1 -0.0919719
3 0.999865 -0.0919401
1.32524e-07 2.00001 -0.0919715
1 2 -0.0919719
2 2 -0.0919719
3 2.00009 -0.091954
0 3 0
0.999991 3 -0.0919715
2.00009 3 -0.091954
2.99988 2.99988 0.330369
## (position) Systeme au temps : 0.15
0 0 0
0.999987 1.74532e-07 -0.10525
2.00015 1.7905e-07 -0.105214
2.99981 0.000171964 0.403282
1.74532e-07 0.999987 -0.10525
1 1 -0.10525
2 1 -0.10525
3 0.999782 -0.105189
1.74532e-07 2.00001 -0.10525
1 2 -0.10525
2 2 -0.10525
3 2.00015 -0.105214
0 3 0
0.999987 3 -0.10525
2.00015 3 -0.105214
2.99981 2.99981 0.403276
## (position) Systeme au temps : 0.16
0 0 0
0.999981 2.25586e-07 -0.119377
2.00024 2.37272e-07 -0.11931
2.9997 0.00027316 0.484804
2.25586e-07 0.999981 -0.119377
1 1 -0.119378
2 1 -0.119378
3 0.99966 -0.119266
2.25586e-07 2.00002 -0.119377
1 2 -0.119378
2 2 -0.119378
3 2.00024 -0.11931
0 3 0
0.999981 3 -0.119377
2.00024 3 -0.11931
2.9997 2.9997 0.484795
## (position) Systeme au temps : 0.17
0 0 0
0.999973 2.86822e-07 -0.134346
2.00037 3.14842e-07 -0.134224
2.99955 0.000418398 0.574978
2.86822e-07 0.999973 -0.134346
1 1 -0.134348
2 1 -0.134348
3 0.999488 -0.134151
2.86823e-07 2.00003 -0.134346
1 2 -0.134348
2 2 -0.134348
3 2.00037 -0.134224
0 3 0
0.999973 3 -0.134346
2.00037 3 -0.134224
2.99955 2.99955 0.574964
## (position) Systeme au temps : 0.18
0 0 0
0.999962 3.59426e-07 -0.150147
2.00055 4.22124e-07 -0.149935
2.99934 0.000619902 0.673749
3.59426e-07 0.999962 -0.150147
1 1 -0.15015
2 1 -0.15015
3 0.999254 -0.14982
3.59427e-07 2.00004 -0.150147
1 2 -0.15015
2 2 -0.15015
3 2.00055 -0.149936
0 3 0
0.999962 3 -0.150147
2.00055 3 -0.149936
2.99934 2.99934 0.673727
## (position) Systeme au temps : 0.19
0 0 0
0.999948 4.44628e-07 -0.166773
2.00079 5.76325e-07 -0.166422
2.99905 0.000890913 0.78097
4.44628e-07 0.999947 -0.166773
1 1 -0.166778
2 1 -0.166778
3 0.998943 -0.166247
4.44628e-07 2.00005 -0.166773
1 2 -0.166778
2 2 -0.166778
3 2.00079 -0.166422
0 3 0
0.999948 3 -0.166773
2.00079 3 -0.166422
2.99905 2.99905 0.780938
## (position) Systeme au temps : 0.2
0 0 0
0.99993 5.43699e-07 -0.184216
2.00112 8.04778e-07 -0.183654
2.99869 0.00124521 0.896402
5.43699e-07 0.999929 -0.184216
1 1 -0.184224
2 1 -0.184224
3 0.998543 -0.183399
5.437e-07 2.00007 -0.184216
1 2 -0.184224
2 2 -0.184224
3 2.00111 -0.183654
0 3 0
0.99993 3 -0.184216
2.00112 3 -0.183654
2.99869 2.99869 0.896356
## (position) Systeme au temps : 0.21
0 0 0
0.999907 6.5795e-07 -0.202468
2.00153 1.14888e-06 -0.201601
2.99822 0.00169662 1.01971
6.5795e-07 0.999905 -0.202468
1 1 -0.202478
2 1 -0.202478
3 0.99804 -0.201239
6.5795e-07 2.00009 -0.202468
1 2 -0.202478
2 2 -0.202478
3 2.00153 -0.201601
0 3 0
0.999907 3 -0.202468
2.00153 3 -0.201601
2.99822 2.99822 1.01965
## (position) Systeme au temps : 0.22
0 0 0
0.999879 7.88723e-07 -0.22152
2.00205 1.66851e-06 -0.220223
2.99764 0.00225859 1.15049
7.88723e-07 0.999875 -0.22152
1 1 -0.221535
2 1 -0.221535
3 0.99742 -0.219727
7.88724e-07 2.00012 -0.22152
1 2 -0.221535
2 2 -0.221535
3 2.00205 -0.220223
0 3 0
0.999879 3 -0.22152
2.00205 3 -0.220223
2.99764 2.99764 1.15041
## (position) Systeme au temps : 0.23
0 0 0
0.999844 9.37394e-07 -0.241365
2.00269 2.44664e-06 -0.239482
2.99694 0.00294385 1.28823
9.37394e-07 0.999839 -0.241365
1 1 -0.241386
2 1 -0.241386
3 0.996672 -0.238818
9.37395e-07 2.00016 -0.241365
1 2 -0.241386
2 2 -0.241386
3 2.00268 -0.239482
0 3 0
0.999844 3 -0.241365
2.00269 3 -0.239482
2.99694 2.99694 1.28812
## (position) Systeme au temps : 0.24
0 0 0
0.999801 1.10537e-06 -0.261995
2.00346 3.59402e-06 -0.259331
2.9961 0.00376413 1.43235
1.10536e-06 0.999794 -0.261995
1 1 -0.262024
2 1 -0.262024
2.99999 0.995785 -0.258463
1.10537e-06 2.00021 -0.261995
1 2 -0.262024
2 2 -0.262024
3 2.00345 -0.259331
0 3 0
0.999801 3 -0.261995
2.00346 3 -0.259331
2.9961 2.9961 1.43221
## (position) Systeme au temps : 0.25
0 0 0
0.99975 1.29406e-06 -0.2834
2.00437 5.25357e-06 -0.279722
2.99511 0.00473006 1.5822
1.29406e-06 0.999739 -0.283401
1 1 -0.283441
2 1 -0.283441
2.99999 0.99475 -0.278613
1.29406e-06 2.00026 -0.283401
1 2 -0.283441
2 2 -0.283441
2.99999 2.00435 -0.279722
0 3 0
0.99975 3 -0.2834
2.00437 2.99999 -0.279722
2.99511 2.99511 1.58202
## (position) Systeme au temps : 0.26
0 0 0
0.999688 1.50492e-06 -0.305575
2.00543 7.60454e-06 -0.300604
2.99397 0.00585106 1.73705
1.50491e-06 0.999673 -0.305575
1 1 -0.30563
2 1 -0.30563
2.99999 0.993556 -0.299212
1.50491e-06 2.00033 -0.305575
1 2 -0.30563
2 2 -0.30563
2.99999 2.0054 -0.300604
0 3 0
0.999688 3 -0.305575
2.00543 2.99999 -0.300604
2.99397 2.99397 1.73683
## (position) Systeme au temps : 0.27
0 0 0
0.999615 1.7394e-06 -0.328509
2.00665 1.08662e-05 -0.321922
2.99266 0.00713534 1.89611
1.73938e-06 0.999594 -0.328509
1 1 -0.328583
2 1 -0.328583
2.99998 0.992199 -0.320206
1.73938e-06 2.00041 -0.32851
1 2 -0.328583
2 2 -0.328583
2.99999 2.00661 -0.321923
0 3 0
0.999615 3 -0.328509
2.00665 2.99999 -0.321923
2.99266 2.99266 1.89584
## (position) Systeme au temps : 0.28
0 0 0
0.999529 1.99897e-06 -0.352196
2.00804 1.53012e-05 -0.343621
2.99118 0.00858992 2.05856
1.99892e-06 0.9995 -0.352196
1 1 -0.352292
2 1 -0.352292
2.99998 0.99067 -0.341536
1.99893e-06 2.0005 -0.352196
1 2 -0.352292
2 2 -0.352292
2.99998 2.00799 -0.343623
0 3 0
0.999529 3 -0.352196
2.00804 2.99998 -0.343622
2.99118 2.99118 2.05824
## (position) Systeme au temps : 0.29
0 0 0
0.999428 2.28509e-06 -0.376626
2.0096 2.12185e-05 -0.365644
2.98952 0.0102207 2.2235
2.285e-06 0.999389 -0.376626
1 1 -0.376752
2 1 -0.376752
2.99997 0.988967 -0.363144
2.28501e-06 2.00061 -0.376626
1 2 -0.376752
2 2 -0.376752
2.99998 2.00953 -0.365645
0 3 0
0.999428 3 -0.376626
2.0096 2.99998 -0.365645
2.98952 2.98952 2.22311
## (position) Systeme au temps : 0.3
0 0 0
0.999311 2.59924e-06 -0.401791
2.01134 2.8976e-05 -0.38793
2.98769 0.0120325 2.39
2.59907e-06 0.99926 -0.401792
1 1 -0.401954
2 1 -0.401954
2.99996 0.987084 -0.38497
2.59908e-06 2.00074 -0.401792
1 2 -0.401954
2 2 -0.401954
2.99997 2.01125 -0.387932
0 3 0
0.999311 3 -0.401791
2.01133 2.99997 -0.387932
2.98769 2.98769 2.38956
## (position) Systeme au temps : 0.31
0 0 0
0.999176 2.94289e-06 -0.427683
2.01325 3.89832e-05 -0.410421
2.98566 0.0140292 2.55713
2.94256e-06 0.999109 -0.427684
1 1 -0.427892
2 1 -0.427892
2.99995 0.985019 -0.406956
2.94258e-06 2.00089 -0.427684
1 2 -0.427892
2 2 -0.427892
2.99996 2.01315 -0.410423
0 3 0
0.999176 3 -0.427683
2.01325 2.99996 -0.410423
2.98567 2.98566 2.5566
## (position) Systeme au temps : 0.32
0 0 0
0.999021 3.3175e-06 -0.454292
2.01536 5.17032e-05 -0.433056
2.98345 0.0162138 2.72389
3.31691e-06 0.998935 -0.454294
1 1 -0.454559
2 1 -0.454559
2.99993 0.98277 -0.42904
3.31693e-06 2.00106 -0.454294
1 2 -0.454559
2 2 -0.454559
2.99994 2.01523 -0.43306
0 3 0
0.999021 3 -0.454293
2.01536 2.99994 -0.43306
2.98345 2.98345 2.72328
## (position) Systeme au temps : 0.33
0 0 0
0.998844 3.72453e-06 -0.481611
2.01765 6.76556e-05 -0.455777
2.98105 0.0185882 2.88929
3.72351e-06 0.998735 -0.481613
1 1 -0.481946
2 1 -0.481946
2.99991 0.980337 -0.451164
3.72353e-06 2.00126 -0.481614
1 2 -0.481946
2 2 -0.481946
2.99993 2.01749 -0.455781
0 3 0
0.998844 3 -0.481611
2.01765 2.99993 -0.455781
2.98105 2.98105 2.8886
## (position) Systeme au temps : 0.34
0 0 0
0.998644 4.16542e-06 -0.50963
2.02013 8.74186e-05 -0.478524
2.97846 0.0211539 3.05235
4.1637e-06 0.998507 -0.509633
1 1 -0.510049
2 1 -0.510049
2.99988 0.977718 -0.47327
4.16373e-06 2.00149 -0.509633
1 2 -0.510049
2 2 -0.510049
2.99991 2.01993 -0.478528
0 3 0
0.998644 3 -0.50963
2.02013 2.99991 -0.478529
2.97846 2.97846 3.05156
## (position) Systeme au temps : 0.35
0 0 0
0.998418 4.64165e-06 -0.538339
2.0228 0.000111632 -0.501238
2.97568 0.0239114 3.21206
4.63882e-06 0.998248 -0.538343
1 1 -0.538859
2 1 -0.538859
2.99985 0.974915 -0.4953
4.63886e-06 2.00175 -0.538344
1 2 -0.538859
2 2 -0.538859
2.99988 2.02256 -0.501243
0 3 0
0.998418 2.99999 -0.53834
2.0228 2.99988 -0.501244
2.97568 2.97568 3.21117
## (position) Systeme au temps : 0.36
0 0 0
0.998164 5.15465e-06 -0.56773
2.02566 0.000141 -0.523862
2.9727 0.0268609 3.36746
5.15012e-06 0.997954 -0.567736
1 1 -0.568371
2.00001 1 -0.56837
2.99981 0.971929 -0.5172
5.15017e-06 2.00204 -0.567737
1 2 -0.568371
2 2 -0.56837
2.99985 2.02537 -0.523868
0 3 0
0.998164 2.99999 -0.56773
2.02566 2.99985 -0.52387
2.9727 2.9727 3.36646
## (position) Systeme au temps : 0.37
0 0 0
0.99788 5.7059e-06 -0.597793
2.02871 0.000176297 -0.546342
2.96953 0.0300015 3.51757
5.6988e-06 0.997624 -0.5978
1 1 -0.598576
2.00001 1 -0.598576
2.99977 0.968761 -0.538915
5.69886e-06 2.00237 -0.597801
1 2 -0.598576
2.00001 2.00001 -0.598576
2.99981 2.02836 -0.546349
0 3 0
0.99788 2.99999 -0.597793
2.02871 2.99981 -0.546352
2.96954 2.96953 3.51646
## (position) Systeme au temps : 0.38
0 0 0
0.997564 6.29691e-06 -0.628517
2.03194 0.000218367 -0.568623
2.96618 0.0333323 3.66148
6.28601e-06 0.997253 -0.628527
1 1 -0.62947
2.00001 0.999999 -0.629469
2.99971 0.965414 -0.560395
6.28609e-06 2.00274 -0.628528
1 2 -0.62947
2.00001 2.00001 -0.629469
2.99976 2.03152 -0.56863
0 3 0
0.997564 2.99999 -0.628517
2.03194 2.99976 -0.568636
2.96618 2.96618 3.66024
## (position) Systeme au temps : 0.39
0 0 0
0.997214 6.92925e-06 -0.659893
2.03536 0.000268136 -0.590656
2.96263 0.0368515 3.7983
6.91281e-06 0.99684 -0.659906
1 1 -0.661044
2.00002 0.999998 -0.661043
2.99965 0.961891 -0.581591
6.91291e-06 2.00315 -0.659908
1 2 -0.661044
2.00001 2.00001 -0.661043
2.99971 2.03487 -0.590662
0 3 0
0.997214 2.99999 -0.659893
2.03536 2.99971 -0.590671
2.96263 2.96263 3.79692
## (position) Systeme au temps : 0.4
0 0 0
0.996829 7.60456e-06 -0.69191
2.03897 0.000326612 -0.61239
2.9589 0.0405572 3.92717
7.5802e-06 0.996381 -0.691927
1 1 -0.693294
2.00002 0.999996 -0.693292
2.99958 0.958195 -0.602457
7.58031e-06 2.00361 -0.691929
1 2 -0.693294
2.00002 2.00002 -0.693292
2.99965 2.03839 -0.612396
0 3 0
0.996829 2.99999 -0.69191
2.03896 2.99965 -0.612409
2.9589 2.9589 3.92565
## (position) Systeme au temps : 0.41
0 0 0
0.996405 8.32465e-06 -0.724557
2.04275 0.000394892 -0.633782
2.95498 0.0444466 4.0473
8.2891e-06 0.995872 -0.72458
1 1 -0.726211
2.00003 0.999993 -0.726209
2.99949 0.95433 -0.622951
8.28923e-06 2.00412 -0.724582
1 2 -0.726211
2.00002 2.00002 -0.726208
2.99957 2.04207 -0.633786
0 3 0
0.996404 2.99999 -0.724557
2.04275 2.99957 -0.633804
2.95499 2.95498 4.04564
## (position) Systeme au temps : 0.42
0 0 0
0.99594 9.09148e-06 -0.757824
2.04671 0.000474174 -0.654787
2.95089 0.048517 4.15797
9.04034e-06 0.995312 -0.757853
1 1 -0.75979
2.00004 0.999989 -0.759787
2.99939 0.950301 -0.643034
9.04049e-06 2.00468 -0.757856
1 2 -0.75979
2.00003 2.00003 -0.759786
2.99949 2.04593 -0.654789
0 3 0
0.99594 2.99999 -0.757824
2.0467 2.99949 -0.654814
2.95089 2.95089 4.15615
## (position) Systeme au temps : 0.43
0 0 0
0.995434 9.90731e-06 -0.791699
2.05084 0.000565761 -0.675369
2.94662 0.0527652 4.2585
9.8347e-06 0.994696 -0.791737
1 1 -0.794025
2.00005 0.999983 -0.79402
2.99928 0.946112 -0.662669
9.83486e-06 2.00529 -0.791741
1 2 -0.794025
2.00004 2.00004 -0.794019
2.99939 2.04994 -0.675366
0 3 0
0.995434 2.99999 -0.791699
2.05084 2.99939 -0.6754
2.94662 2.94662 4.25652
## (position) Systeme au temps : 0.44
0 0 0
0.994885 1.07747e-05 -0.82617
2.05514 0.000671071 -0.69549
2.94217 0.0571874 4.3483
1.06729e-05 0.994022 -0.826219
1 1 -0.828909
2.00006 0.999975 -0.828902
2.99915 0.941767 -0.681826
1.06731e-05 2.00596 -0.826223
1 2 -0.828909
2.00005 2.00005 -0.828901
2.99927 2.05411 -0.695482
0 3 0
0.994885 2.99999 -0.82617
2.05514 2.99927 -0.695527
2.94218 2.94217 4.34616
## (position) Systeme au temps : 0.45
0 0 0
0.99429 1.16968e-05 -0.861225
2.05961 0.000791651 -0.715121
2.93755 0.06178 4.42686
1.15556e-05 0.993286 -0.861288
1 1 -0.864436
2.00008 0.999965 -0.864425
2.999 0.937274 -0.700476
1.15558e-05 2.0067 -0.861294
1 2 -0.864436
2.00007 2.00007 -0.864424
2.99914 2.05843 -0.715105
0 3 0
0.99429 2.99999 -0.861226
2.0596 2.99914 -0.715165
2.93756 2.93755 4.42454
## (position) Systeme au temps : 0.46
0 0 0
0.993648 1.26772e-05 -0.896853
2.06423 0.000929181 -0.734233
2.93277 0.0665386 4.49373
1.24835e-05 0.992486 -0.896933
1 1 -0.9006
2.00011 0.999951 -0.900585
2.99883 0.932636 -0.718596
1.24837e-05 2.0075 -0.89694
1 2 -0.9006
2.00009 2.00009 -0.900584
2.99899 2.0629 -0.734206
0 3 0
0.993648 2.99999 -0.896854
2.06422 2.99899 -0.734285
2.93278 2.93277 4.49123
## (position) Systeme au temps : 0.47
0 0 0
0.992958 1.37204e-05 -0.93304
2.06901 0.00108549 -0.752804
2.92783 0.071459 4.54857
1.34573e-05 0.991619 -0.933142
1 1 -0.937394
2.00014 0.999932 -0.937373
2.99864 0.927861 -0.736166
1.34574e-05 2.00836 -0.933149
1 2 -0.937394
2.00011 2.00011 -0.937372
2.99882 2.0675 -0.752763
0 3 0
0.992958 2.99998 -0.933041
2.069 2.99882 -0.752864
2.92784 2.92782 4.54587
## (position) Systeme au temps : 0.48
0 0 0
0.992219 1.48318e-05 -0.969774
2.07393 0.00126256 -0.770815
2.92273 0.0765364 4.59112
1.44777e-05 0.990681 -0.969901
1 1 -0.974814
2.00018 0.999908 -0.974784
2.99842 0.922955 -0.753172
1.44777e-05 2.0093 -0.96991
1 2 -0.974814
2.00015 2.00015 -0.974782
2.99863 2.07224 -0.770755
0 3 0
0.992219 2.99998 -0.969775
2.07392 2.99863 -0.770885
2.92274 2.92272 4.58822
## (position) Systeme au temps : 0.49
0 0 0
0.99143 1.60181e-05 -1.00704
2.07899 0.00146255 -0.788251
2.91748 0.0817661 4.6212
1.55455e-05 0.98967 -1.0072
1 1 -1.01285
2.00022 0.999878 -1.01281
2.99818 0.917923 -0.769601
1.55454e-05 2.0103 -1.00721
1 2 -1.01285
2.00018 2.00018 -1.01281
2.99841 2.07711 -0.788167
0 3 0
0.99143 2.99998 -1.00704
2.07899 2.99841 -0.788333
2.91749 2.91747 4.61809
## (position) Systeme au temps : 0.5
0 0 0
0.99059 1.72876e-05 -1.04483
2.08419 0.0016878 -0.805103
2.91208 0.087143 4.63873
1.66619e-05 0.988583 -1.04502
1 1 -1.0515
2.00028 0.999839 -1.05145
2.9979 0.912774 -0.785448
1.66616e-05 2.01139 -1.04504
1 2 -1.0515
2.00023 2.00023 -1.05144
2.99816 2.0821 -0.804989
0 3 0
0.99059 2.99998 -1.04483
2.08418 2.99816 -0.805198
2.91209 2.91207 4.63541
## (position) Systeme au temps : 0.51
0 0 0
0.989699 1.86503e-05 -1.08312
2.08952 0.00194081 -0.821365
2.90654 0.0926619 4.64373
1.78281e-05 0.987418 -1.08336
1 1 -1.09076
2.00034 0.999791 -1.09068
2.9976 0.907514 -0.800711
1.78275e-05 2.01255 -1.08338
1 2 -1.09076
2.00029 2.00029 -1.09068
2.99789 2.0872 -0.821214
0 3 0
0.989698 2.99998 -1.08312
2.08951 2.99789 -0.821476
2.90655 2.90653 4.64019
## (position) Systeme au temps : 0.52
0 0 0
0.988756 2.01185e-05 -1.1219
2.09497 0.00222431 -0.837037
2.90087 0.0983174 4.63631
1.90459e-05 0.986172 -1.1222
1 1 -1.13062
2.00042 0.999731 -1.13051
2.99725 0.90215 -0.815392
1.90448e-05 2.01379 -1.12222
1 2 -1.13062
2.00036 2.00036 -1.13051
2.99758 2.09241 -0.83684
0 3 0
0.988755 2.99998 -1.1219
2.09495 2.99758 -0.837165
2.90088 2.90085 4.63254
## (position) Systeme au temps : 0.53
0 0 0
0.987761 2.17075e-05 -1.16116
2.10053 0.00254122 -0.852122
2.89506 0.104104 4.61666
2.03175e-05 0.984842 -1.16153
1 1 -1.17108
2.00052 0.999658 -1.17093
2.99687 0.896691 -0.829497
2.03157e-05 2.01512 -1.16155
1 2 -1.17108
2.00045 2.00045 -1.17093
2.99723 2.09772 -0.851868
0 3 0
0.98776 2.99997 -1.16116
2.10051 2.99723 -0.852269
2.89508 2.89504 4.61266
## (position) Systeme au temps : 0.54
0 0 0
0.986714 2.34356e-05 -1.20088
2.10619 0.00289464 -0.866628
2.88913 0.110016 4.58507
2.16458e-05 0.983428 -1.20132
1 1 -1.21212
2.00064 0.999569 -1.21193
2.99644 0.891143 -0.843037
2.16432e-05 2.01653 -1.20135
1 2 -1.21212
2.00055 2.00055 -1.21193
2.99684 2.10311 -0.866306
0 3 0
0.986714 2.99997 -1.20088
2.10617 2.99685 -0.866797
2.88915 2.8891 4.58083
## (position) Systeme au temps : 0.55
0 0 0
0.985617 2.53252e-05 -1.24104
2.11195 0.0032879 -0.880567
2.88309 0.116048 4.54193
2.30346e-05 0.981925 -1.24158
1.00001 1 -1.25375
2.00077 0.999462 -1.2535
2.99597 0.885514 -0.856027
2.30307e-05 2.01803 -1.24161
1 2 -1.25375
2.00067 2.00067 -1.2535
2.99641 2.1086 -0.880164
0 3 0
0.985617 2.99997 -1.24104
2.11193 2.99642 -0.880763
2.8831 2.88305 4.53743
## (position) Systeme au temps : 0.56
0 0 0
0.98447 2.74034e-05 -1.28163
2.1178 0.00372452 -0.893958
2.87693 0.122193 4.48768
2.44887e-05 0.980333 -1.28229
1.00001 1 -1.29596
2.00093 0.999334 -1.29563
2.99545 0.879814 -0.868486
2.44831e-05 2.01961 -1.28232
1.00001 2 -1.29596
2.00081 2.00081 -1.29564
2.99594 2.11415 -0.893457
0 3 0
0.984469 2.99996 -1.28163
2.11777 2.99594 -0.894182
2.87694 2.87688 4.48293
## (position) Systeme au temps : 0.57
0 0 0
0.983273 2.97025e-05 -1.32264
2.12372 0.00420821 -0.90682
2.87066 0.128447 4.42287
2.60141e-05 0.97865 -1.32342
1.00001 1 -1.33874
2.00112 0.999181 -1.33831
2.99487 0.874049 -0.880435
2.60065e-05 2.02129 -1.32346
1.00001 2 -1.33874
2.00098 2.00097 -1.33832
2.99541 2.11978 -0.906203
0 3 0
0.983272 2.99996 -1.32264
2.1237 2.99541 -0.907076
2.87067 2.87061 4.41786
## (position) Systeme au temps : 0.58
0 0 0
0.982028 3.22614e-05 -1.36403
2.12972 0.00474286 -0.919178
2.86429 0.134802 4.34812
2.76187e-05 0.976874 -1.36498
1.00001 1 -1.38208
2.00134 0.999001 -1.38154
2.99423 0.868229 -0.891902
2.76082e-05 2.02306 -1.36501
1.00001 2 -1.38208
2.00117 2.00117 -1.38156
2.99483 2.12546 -0.918425
0 3 0
0.982027 2.99996 -1.36404
2.12969 2.99483 -0.919472
2.86431 2.86423 4.34284
## (position) Systeme au temps : 0.59
0 0 0
0.980737 3.5126e-05 -1.40581
2.13577 0.00533253 -0.931062
2.85783 0.141254 4.26411
2.9312e-05 0.975004 -1.40693
1.00001 1 -1.42599
2.0016 0.99879 -1.4253
2.99353 0.862362 -0.902914
2.9298e-05 2.02492 -1.40698
1.00001 2.00001 -1.42599
2.0014 2.00139 -1.42532
2.99418 2.1312 -0.930149
0 3 0
0.980736 2.99995 -1.40581
2.13574 2.99419 -0.931396
2.85785 2.85776 4.25856
## (position) Systeme au temps : 0.6
0 0 0
0.979401 3.8351e-05 -1.44795
2.14188 0.00598143 -0.942503
2.85127 0.147795 4.1716
3.1106e-05 0.973039 -1.44928
1.00001 1 -1.47046
2.00189 0.998544 -1.46958
2.99277 0.856457 -0.913505
3.10873e-05 2.02688 -1.44933
1.00001 2.00001 -1.47046
2.00166 2.00166 -1.46961
2.99348 2.13698 -0.941404
0 3 0
0.9794 2.99995 -1.44795
2.14184 2.99348 -0.942884
2.85129 2.8512 4.16577
## (position) Systeme au temps : 0.61
0 0 0
0.978022 4.20005e-05 -1.49043
2.14802 0.0066939 -0.953537
2.84464 0.154419 4.07138
3.30154e-05 0.970976 -1.492
1.00002 1 -1.51548
2.00222 0.99826 -1.51438
2.99193 0.850522 -0.923709
3.29908e-05 2.02893 -1.49205
1.00002 2.00001 -1.51548
2.00197 2.00195 -1.51442
2.9927 2.14279 -0.952221
0 3 0
0.978021 2.99994 -1.49043
2.14797 2.99271 -0.953969
2.84466 2.84455 4.06527
## (position) Systeme au temps : 0.62
0 0 0
0.976602 4.61495e-05 -1.53323
2.1542 0.00747437 -0.964202
2.83793 0.161122 3.96433
3.50579e-05 0.968816 -1.53508
1.00002 1 -1.56104
2.0026 0.997932 -1.55967
2.99101 0.844567 -0.933564
3.50258e-05 2.03109 -1.53514
1.00002 2.00001 -1.56104
2.00231 2.0023 -1.55972
2.99185 2.14863 -0.962638
0 3 0
0.976601 2.99993 -1.53323
2.15414 2.99187 -0.964692
2.83795 2.83783 3.95792
## (position) Systeme au temps : 0.63
0 0 0
0.975144 5.08854e-05 -1.57634
2.16039 0.00832736 -0.974541
2.83115 0.167895 3.85133
3.72552e-05 0.966558 -1.5785
1.00003 1 -1.60715
2.00303 0.997558 -1.60545
2.99001 0.8386 -0.94311
3.72138e-05 2.03333 -1.57857
1.00002 2.00001 -1.60715
2.00271 2.00269 -1.60551
2.99093 2.15448 -0.972689
0 3 0
0.975142 2.99992 -1.57634
2.16033 2.99094 -0.975095
2.83117 2.83103 3.84462
## (position) Systeme au temps : 0.64
0 0 0
0.973651 5.63097e-05 -1.61973
2.16659 0.00925742 -0.984596
2.82431 0.174734 3.73333
3.96331e-05 0.964201 -1.62225
1.00003 1 -1.65379
2.00352 0.997132 -1.6517
2.98893 0.83263 -0.952388
3.958e-05 2.03568 -1.62233
1.00003 2.00001 -1.65379
2.00315 2.00313 -1.65178
2.98992 2.16034 -0.982417
0 3 0
0.973648 2.99992 -1.61973
2.16652 2.98994 -0.985221
2.82433 2.82417 3.72631
## (position) Systeme au temps : 0.65
0 0 0
0.972123 6.25391e-05 -1.66339
2.17279 0.0102691 -0.994415
2.8174 0.181632 3.61128
4.22227e-05 0.961744 -1.66632
1.00004 1.00001 -1.70096
2.00407 0.996651 -1.69841
2.98775 0.826667 -0.961442
4.21551e-05 2.03813 -1.66641
1.00003 2.00002 -1.70096
2.00366 2.00362 -1.69851
2.98882 2.1662 -0.991862
0 3 0
0.972121 2.99991 -1.66339
2.17271 2.98885 -0.995117
2.81743 2.81726 3.60396
## (position) Systeme au temps : 0.66
0 0 0
0.970566 6.97079e-05 -1.70729
2.17898 0.011367 -1.00404
2.81045 0.188582 3.48618
4.50604e-05 0.959188 -1.71069
1.00004 1.00001 -1.74866
2.00468 0.996109 -1.74556
2.98648 0.82072 -0.970315
4.4975e-05 2.04067 -1.71079
1.00004 2.00002 -1.74866
2.00422 2.00418 -1.74569
2.98763 2.17204 -1.00107
0 3 0
0.970562 2.99989 -1.7073
2.17889 2.98767 -1.00483
2.81048 2.81028 3.47854
## (position) Systeme au temps : 0.67
0 0 0
0.968981 7.79696e-05 -1.75142
2.18515 0.0125556 -1.01353
2.80345 0.19558 3.359
4.81896e-05 0.956532 -1.75535
1.00005 1.00001 -1.79688
2.00536 0.995502 -1.79315
2.98511 0.814798 -0.979053
4.80824e-05 2.04332 -1.75546
1.00004 2.00003 -1.79688
2.00485 2.0048 -1.7933
2.98635 2.17787 -1.01008
0 3 0
0.968977 2.99988 -1.75143
2.18505 2.98639 -1.01441
2.80348 2.80327 3.35105
## (position) Systeme au temps : 0.68
0 0 0
0.967371 8.74986e-05 -1.79576
2.19128 0.0138393 -1.02293
2.79641 0.202619 3.23075
5.16611e-05 0.953777 -1.80027
1.00006 1.00001 -1.84561
2.00612 0.994826 -1.84114
2.98363 0.80891 -0.987703
5.15271e-05 2.04606 -1.80039
1.00005 2.00003 -1.84561
2.00555 2.00549 -1.84132
2.98497 2.18367 -1.01894
0 3 0
0.967367 2.99986 -1.79577
2.19117 2.98502 -1.02392
2.79644 2.79621 3.22247
## (position) Systeme au temps : 0.69
0 0 0
0.96574 9.84929e-05 -1.84028
2.19736 0.0152225 -1.03229
2.78933 0.209693 3.1024
5.55339e-05 0.950922 -1.84545
1.00007 1.00001 -1.89486
2.00695 0.994076 -1.88953
2.98205 0.803064 -0.996309
5.53676e-05 2.0489 -1.84558
1.00006 2.00004 -1.89485
2.00633 2.00625 -1.88974
2.98348 2.18943 -1.0277
0 3 0
0.965735 2.99985 -1.84029
2.19724 2.98354 -1.03339
2.78937 2.78911 3.09379
## (position) Systeme au temps : 0.7
0 0 0
0.964091 0.000111176 -1.88496
2.20339 0.0167092 -1.04166
2.78223 0.216797 2.97493
5.98769e-05 0.947969 -1.89086
1.00008 1 -1.94461
2.00787 0.993248 -1.93829
2.98035 0.797271 -1.00492
5.96715e-05 2.05184 -1.89101
1.00007 2.00004 -1.9446
2.00719 2.00709 -1.93854
2.98188 2.19514 -1.0364
0 3 0
0.964085 2.99983 -1.88497
2.20326 2.98195 -1.04288
2.78227 2.78198 2.96599
## (position) Systeme au temps : 0.71
0 0 0
0.962426 0.000125799 -1.92979
2.20935 0.0183035 -1.0511
2.77511 0.223925 2.84928
6.47697e-05 0.944917 -1.93651
1.0001 1 -1.99486
2.00887 0.992337 -1.98741
2.97854 0.791539 -1.01357
6.45172e-05 2.05488 -1.93667
1.00008 2.00005 -1.99485
2.00813 2.00801 -1.98771
2.98016 2.2008 -1.04509
0 3 0
0.962419 2.9998 -1.9298
2.20921 2.98026 -1.05245
2.77514 2.77483 2.84
## (position) Systeme au temps : 0.72
0 0 0
0.96075 0.000142643 -1.97474
2.21524 0.0200093 -1.06065
2.76796 0.231071 2.72636
7.03038e-05 0.941768 -1.98236
1.00011 1 -2.0456
2.00997 0.99134 -2.03688
2.97661 0.785876 -1.02232
6.9995e-05 2.05801 -1.98254
1.0001 2.00006 -2.0456
2.00916 2.00902 -2.03722
2.97833 2.20639 -1.05381
0 3 0
0.960742 2.99978 -1.97475
2.21508 2.97844 -1.06214
2.768 2.76767 2.71674
## (position) Systeme au temps : 0.73
0 0 0
0.959065 0.000162024 -2.01979
2.22104 0.02183 -1.07037
2.76081 0.23823 2.60704
7.65843e-05 0.938523 -2.0284
1.00013 1 -2.09684
2.01116 0.990253 -2.08666
2.97455 0.780292 -1.0312
7.62083e-05 2.06124 -2.0286
1.00011 2.00007 -2.09684
2.01029 2.01011 -2.08706
2.97638 2.21191 -1.06261
0 3 0
0.959055 2.99975 -2.0198
2.22086 2.97651 -1.072
2.76085 2.76048 2.59707
## (position) Systeme au temps : 0.74
0 0 0
0.957374 0.000184291 -2.06491
2.22674 0.0237691 -1.0803
2.75365 0.245397 2.49215
8.37313e-05 0.935182 -2.07462
1.00015 0.999999 -2.14857
2.01245 0.989071 -2.13675
2.97237 0.774795 -1.04026
8.32754e-05 2.06456 -2.07484
1.00013 2.00008 -2.14856
2.01151 2.0113 -2.1372
2.9743 2.21735 -1.07153
0 3 0
0.957364 2.99971 -2.06493
2.22655 2.97446 -1.0821
2.75369 2.75329 2.48183
## (position) Systeme au temps : 0.75
0 0 0
0.955681 0.000209832 -2.1101
2.23234 0.0258297 -1.09049
2.74648 0.252566 2.38245
9.18815e-05 0.931747 -2.12101
1.00018 0.999996 -2.20077
2.01384 0.987792 -2.18711
2.97005 0.769392 -1.04954
9.1331e-05 2.06798 -2.12125
1.00015 2.0001 -2.20077
2.01283 2.01259 -2.18763
2.97209 2.2227 -1.08062
0 3 0
0.955669 2.99967 -2.11012
2.23213 2.97228 -1.09246
2.74653 2.7461 2.37178
## (position) Systeme au temps : 0.76
0 0 0
0.953989 0.000239078 -2.15532
2.23782 0.0280147 -1.10099
2.73932 0.259733 2.27865
0.00010119 0.928219 -2.16754
1.0002 0.999992 -2.25346
2.01535 0.986412 -2.23774
2.96761 0.764093 -1.05907
0.000100528 2.07149 -2.16781
1.00018 2.00011 -2.25345
2.01426 2.01397 -2.23832
2.96975 2.22795 -1.08991
0 3 0
0.953976 2.99963 -2.15535
2.23759 2.96998 -1.10314
2.73937 2.73891 2.26763
## (position) Systeme au temps : 0.77
0 0 0
0.952301 0.000272503 -2.20055
2.24317 0.0303267 -1.11184
2.73217 0.266894 2.18139
0.000111832 0.9246 -2.21421
1.00023 0.999986 -2.30661
2.01696 0.984928 -2.28861
2.96502 0.758905 -1.06889
0.000111039 2.07509 -2.2145
1.0002 2.00013 -2.30661
2.0158 2.01546 -2.28926
2.96728 2.2331 -1.09944
0 3 0
0.952286 2.99958 -2.20059
2.24293 2.96754 -1.11419
2.73222 2.73172 2.17001
## (position) Systeme au temps : 0.78
0 0 0
0.950619 0.000310629 -2.24578
2.24839 0.0327682 -1.12308
2.72503 0.274043 2.09124
0.000124004 0.920891 -2.261
1.00026 0.99998 -2.36024
2.01868 0.983337 -2.3397
2.9623 0.753835 -1.07904
0.000123058 2.07878 -2.26131
1.00023 2.00015 -2.36023
2.01744 2.01705 -2.34043
2.96467 2.23813 -1.10925
0 3 0
0.950603 2.99952 -2.24582
2.24813 2.96497 -1.12564
2.72508 2.72454 2.07949
## (position) Systeme au temps : 0.79
0 0 0
0.948948 0.00035403 -2.29098
2.25346 0.0353411 -1.13476
2.7179 0.281177 2.00868
0.00013793 0.917094 -2.30789
1.0003 0.999971 -2.41432
2.02052 0.981637 -2.391
2.95944 0.748891 -1.08954
0.000136804 2.08255 -2.30823
1.00026 2.00017 -2.41431
2.01921 2.01875 -2.3918
2.96192 2.24304 -1.11937
0 3 0
0.948929 2.99946 -2.29103
2.25318 2.96227 -1.13753
2.71796 2.71738 1.99657
## (position) Systeme au temps : 0.8
0 0 0
0.94729 0.000403333 -2.33613
2.25839 0.0380475 -1.1469
2.71079 0.288291 1.93412
0.000153856 0.913212 -2.35487
1.00034 0.999961 -2.46887
2.02248 0.979826 -2.44247
2.95644 0.74408 -1.10043
0.000152522 2.08641 -2.35523
1.0003 2.0002 -2.46886
2.02109 2.02056 -2.44336
2.95903 2.24782 -1.12984
0 3 0
0.947268 2.99939 -2.33619
2.25808 2.95944 -1.14991
2.71085 2.71024 1.92164
## (position) Systeme au temps : 0.81
0 0 0
0.945647 0.000459226 -2.38121
2.26315 0.0408889 -1.15955
2.70371 0.295382 1.86788
0.000172061 0.909246 -2.40192
1.00038 0.999949 -2.52387
2.02456 0.977902 -2.49409
2.95329 0.739407 -1.11172
0.000170486 2.09036 -2.40232
1.00033 2.00023 -2.52386
2.02309 2.02249 -2.49507
2.95599 2.25247 -1.14068
0 3 0
0.945623 2.99931 -2.38128
2.26283 2.95647 -1.1628
2.70377 2.70312 1.85503
## (position) Systeme au temps : 0.82
0 0 0
0.944022 0.000522456 -2.42621
2.26774 0.0438667 -1.17274
2.69665 0.302445 1.81019
0.000192853 0.905198 -2.44903
1.00043 0.999934 -2.57932
2.02677 0.975863 -2.54586
2.95 0.73488 -1.12344
0.000190998 2.09438 -2.44946
1.00038 2.00027 -2.57931
2.02521 2.02452 -2.54693
2.95281 2.25698 -1.15192
0 3 0
0.943996 2.99922 -2.42628
2.2674 2.95336 -1.17623
2.69672 2.69603 1.79697
## (position) Systeme au temps : 0.83
0 0 0
0.942419 0.000593839 -2.47109
2.27216 0.0469821 -1.18648
2.68963 0.309479 1.7612
0.000216575 0.901071 -2.49618
1.00048 0.999915 -2.63522
2.02909 0.973708 -2.59774
2.94656 0.730504 -1.13561
0.000214398 2.09848 -2.49665
1.00042 2.00031 -2.6352
2.02745 2.02667 -2.59891
2.94949 2.26134 -1.16358
0 3 0
0.94239 2.99911 -2.47117
2.2718 2.95011 -1.19024
2.6897 2.68897 1.7476
## (position) Systeme au temps : 0.84
0 0 0
0.940838 0.000674261 -2.51584
2.2764 0.0502361 -1.20081
2.68264 0.316478 1.72095
0.000243606 0.896868 -2.54337
1.00054 0.999893 -2.69155
2.03155 0.971437 -2.64972
2.94298 0.726283 -1.14825
0.000241059 2.10266 -2.54387
1.00048 2.00035 -2.69153
2.02982 2.02894 -2.65099
2.94601 2.26555 -1.17567
0 3 0
0.940807 2.999 -2.51593
2.27602 2.94672 -1.20484
2.68271 2.68193 1.70698
## (position) Systeme au temps : 0.85
0 0 0
0.939284 0.00076468 -2.56044
2.28045 0.0536295 -1.21574
2.67568 0.323441 1.68942
0.000274364 0.89259 -2.59057
1.0006 0.999867 -2.74833
2.03412 0.969049 -2.70178
2.93924 0.722224 -1.16136
0.000271394 2.10691 -2.59111
1.00053 2.0004 -2.7483
2.03232 2.03132 -2.70315
2.94239 2.26961 -1.18823
0 3 0
0.939249 2.99888 -2.56054
2.28005 2.94319 -1.22007
2.67576 2.67494 1.67507
## (position) Systeme au temps : 0.86
0 0 0
0.937758 0.000866137 -2.60487
2.28431 0.0571629 -1.2313
2.66876 0.330364 1.66646
0.000309311 0.888241 -2.63777
1.00067 0.999836 -2.80553
2.03683 0.966544 -2.75389
2.93536 0.71833 -1.17497
0.000305856 2.11123 -2.63835
1.00059 2.00046 -2.8055
2.03494 2.03382 -2.75537
2.93862 2.2735 -1.20125
0 3 0
0.93772 2.99874 -2.60499
2.28389 2.93952 -1.23593
2.66884 2.66798 1.65174
## (position) Systeme au temps : 0.87
0 0 0
0.936262 0.000979753 -2.64911
2.28798 0.0608367 -1.24749
2.66189 0.337245 1.65187
0.000348953 0.883823 -2.68496
1.00075 0.999799 -2.86316
2.03966 0.963921 -2.80604
2.93133 0.714607 -1.18907
0.000344946 2.11562 -2.68558
1.00066 2.00053 -2.86313
2.03769 2.03643 -2.80763
2.93469 2.27722 -1.21476
0 3 0
0.93622 2.99858 -2.64925
2.28753 2.93571 -1.25244
2.66197 2.66107 1.63677
## (position) Systeme au temps : 0.88
0 0 0
0.934798 0.00110674 -2.69314
2.29144 0.0646511 -1.26434
2.65505 0.344081 1.64534
0.000393845 0.879339 -2.73211
1.00083 0.999756 -2.92122
2.04262 0.961181 -2.85821
2.92714 0.711057 -1.20367
0.00038921 2.12007 -2.73278
1.00073 2.00061 -2.92118
2.04057 2.03916 -2.85991
2.93062 2.28078 -1.22875
0 3 0
0.934753 2.99841 -2.6933
2.29097 2.93176 -1.26961
2.65514 2.65419 1.62986
## (position) Systeme au temps : 0.89
0 0 0
0.933369 0.0012484 -2.73695
2.29469 0.0686063 -1.28184
2.64827 0.35087 1.64649
0.00044459 0.874792 -2.77923
1.00091 0.999706 -2.97969
2.04571 0.958325 -2.91037
2.92281 0.707683 -1.21877
0.000439245 2.12459 -2.77995
1.00081 2.00069 -2.97964
2.04358 2.042 -2.91219
2.92639 2.28416 -1.24323
0 3 0
0.93332 2.99822 -2.73713
2.2942 2.92766 -1.28745
2.64836 2.64737 1.63062
## (position) Systeme au temps : 0.9
0 0 0
0.931976 0.00140612 -2.78051
2.29773 0.0727022 -1.30001
2.64153 0.35761 1.65484
0.00050185 0.870186 -2.82629
1.00101 0.999647 -3.03857
2.04892 0.955355 -2.96251
2.91832 0.70449 -1.23437
0.000495701 2.12916 -2.82706
1.00089 2.00079 -3.03852
2.04671 2.04495 -2.96445
2.92201 2.28737 -1.25821
0 3 0
0.931922 2.99801 -2.78072
2.29722 2.92343 -1.30596
2.64163 2.64059 1.63859
## (position) Systeme au temps : 0.91
0 0 0
0.93062 0.00158142 -2.82381
2.30056 0.0769386 -1.31884
2.63484 0.364298 1.66985
0.000566342 0.865523 -2.87329
1.00111 0.999579 -3.09787
2.05226 0.952271 -3.01462
2.91369 0.70148 -1.25047
0.000559285 2.13379 -2.8741
1.00098 2.00089 -3.0978
2.04997 2.04802 -3.01668
2.91748 2.29039 -1.27369
0 3 0
0.930563 2.99778 -2.82405
2.30003 2.91906 -1.32515
2.63494 2.63386 1.65323
## (position) Systeme au temps : 0.92
0 0 0
0.929304 0.0017759 -2.86684
2.30317 0.0813151 -1.33833
2.62821 0.370932 1.69092
0.000638841 0.860807 -2.9202
1.00121 0.9995 -3.15756
2.05572 0.949075 -3.06666
2.9089 0.698654 -1.26706
0.000630765 2.13847 -2.92106
1.00108 2.00101 -3.15749
2.05336 2.0512 -3.06885
2.91279 2.29324 -1.28965
0 3 0
0.929242 2.99753 -2.8671
2.30262 2.91455 -1.34501
2.62831 2.62719 1.67391
## (position) Systeme au temps : 0.93
0 0 0
0.928029 0.00199126 -2.90957
2.30557 0.0858311 -1.35848
2.62162 0.377512 1.71736
0.000720188 0.856041 -2.96701
1.00133 0.99941 -3.21766
2.05931 0.945769 -3.11864
2.90396 0.696016 -1.28414
0.000710968 2.1432 -2.96793
1.00118 2.00115 -3.21758
2.05687 2.05449 -3.12094
2.90795 2.2959 -1.30611
0 3 0
0.927962 2.99725 -2.90986
2.30499 2.90989 -1.36555
2.62173 2.62057 1.69997
## (position) Systeme au temps : 0.94
0 0 0
0.926796 0.00222935 -2.95198
2.30774 0.0904861 -1.37929
2.6151 0.384034 1.74844
0.000811289 0.851228 -3.01372
1.00145 0.999306 -3.27815
2.06301 0.942355 -3.17052
2.89886 0.693567 -1.30169
0.000800788 2.14798 -3.0147
1.00129 2.0013 -3.27805
2.06051 2.05788 -3.17295
2.90296 2.29837 -1.32304
0 3 0
0.926724 2.99694 -2.95232
2.30714 2.90511 -1.38675
2.61521 2.614 1.73066
## (position) Systeme au temps : 0.95
0 0 0
0.925606 0.00249209 -2.99408
2.30969 0.0952792 -1.40075
2.60863 0.390497 1.78337
0.000913118 0.846373 -3.0603
1.00158 0.999187 -3.33903
2.06684 0.938837 -3.22229
2.89362 0.691308 -1.3197
0.000901188 2.1528 -3.06134
1.0014 2.00147 -3.33892
2.06426 2.06138 -3.22485
2.89782 2.30066 -1.34044
0 3 0
0.925529 2.99661 -2.99445
2.30907 2.90018 -1.4086
2.60874 2.60749 1.76521
## (position) Systeme au temps : 0.96
0 0 0
0.924461 0.00278156 -3.03583
2.31141 0.100209 -1.42284
2.60222 0.396899 1.82133
0.00102672 0.841478 -3.10675
1.00172 0.999051 -3.40029
2.07078 0.935216 -3.27394
2.88823 0.689242 -1.33816
0.0010132 2.15766 -3.10785
1.00152 2.00166 -3.40016
2.06813 2.06498 -3.27662
2.89252 2.30276 -1.35829
0 3 0
0.924378 2.99624 -3.03625
2.31077 2.89512 -1.43111
2.60234 2.60105 1.80279
## (position) Systeme au temps : 0.97
0 0 0
0.923361 0.00309993 -3.07723
2.3129 0.105275 -1.44555
2.59586 0.403239 1.86144
0.00115321 0.836547 -3.15305
1.00186 0.998897 -3.46192
2.07483 0.931496 -3.32544
2.88269 0.687368 -1.35705
0.00113792 2.16255 -3.15422
1.00165 2.00187 -3.46179
2.07212 2.06867 -3.32826
2.88707 2.30466 -1.3766
0 3 0
0.923273 2.99584 -3.0777
2.31224 2.88992 -1.45425
2.59599 2.59466 1.84251
## (position) Systeme au temps : 0.98
0 0 0
0.922307 0.0034495 -3.11826
2.31417 0.110475 -1.46888
2.58957 0.409515 1.90281
0.00129379 0.831584 -3.19919
1.00201 0.998722 -3.52393
2.079 0.927681 -3.3768
2.877 0.685687 -1.37638
0.00127654 2.16747 -3.20043
1.00179 2.0021 -3.52378
2.07623 2.07246 -3.37974
2.88147 2.30638 -1.39534
0 3 0
0.922214 2.9954 -3.11878
2.31349 2.88459 -1.47801
2.5897 2.58833 1.8835
## (position) Systeme au temps : 0.99
0 0 0
0.921301 0.00383271 -3.15891
2.31521 0.115808 -1.49281
2.58335 0.415726 1.94453
0.00144972 0.826593 -3.24516
1.00217 0.998524 -3.58631
2.08327 0.923773 -3.42798
2.87116 0.684201 -1.3961
0.0014303 2.17242 -3.24647
1.00193 2.00236 -3.58613
2.08044 2.07634 -3.43105
2.87572 2.30791 -1.4145
0 3 0
0.921201 2.99493 -3.15949
2.31451 2.87913 -1.50238
2.58348 2.58207 1.92484
## (position) Systeme au temps : 1
0 0 0
0.920342 0.00425209 -3.19917
2.31602 0.121273 -1.51733
2.57718 0.42187 1.98566
0.00162236 0.821578 -3.29095
1.00234 0.998302 -3.64905
2.08765 0.919778 -3.47898
2.86518 0.682909 -1.41623
0.00160054 2.1774 -3.29232
1.00208 2.00265 -3.64885
2.08476 2.08031 -3.48217
2.86983 2.30924 -1.43407
0 3 0
0.920236 2.99441 -3.19981
2.31531 2.87354 -1.52735
2.57732 2.57588 1.96559
## (position) Systeme au temps : 1.01
0 0 0
0.919431 0.00471032 -3.23902
2.3166 0.126866 -1.54241
2.57109 0.427947 2.02528
0.00181312 0.816542 -3.33654
1.00251 0.998051 -3.71213
2.09212 0.915698 -3.52978
2.85905 0.681812 -1.43673
0.00178867 2.18239 -3.33799
1.00224 2.00296 -3.71191
2.08918 2.08435 -3.5331
2.86378 2.31039 -1.45403
0 3 0
0.919319 2.99385 -3.23973
2.31587 2.86783 -1.5529
2.57122 2.56975 2.00484
## (position) Systeme au temps : 1.02
0 0 0
0.918569 0.00521018 -3.27845
2.31696 0.132586 -1.56805
2.56505 0.433955 2.06247
0.00202352 0.81149 -3.38192
1.00269 0.997771 -3.77557
2.09669 0.911539 -3.58037
2.85278 0.68091 -1.4576
0.00199618 2.1874 -3.38345
1.0024 2.00331 -3.77532
2.09371 2.08848 -3.58382
2.85759 2.31134 -1.47436
0 3 0
0.918451 2.99324 -3.27925
2.31621 2.86199 -1.579
2.56519 2.56369 2.04165
## (position) Systeme au temps : 1.03
0 0 0
0.917757 0.00575456 -3.31746
2.31708 0.138431 -1.59423
2.55909 0.439892 2.09632
0.00225514 0.806425 -3.42709
1.00288 0.997459 -3.83934
2.10136 0.907304 -3.63074
2.84637 0.680202 -1.47882
0.00222463 2.19242 -3.42869
1.00257 2.0037 -3.83906
2.09832 2.09268 -3.63431
2.85126 2.3121 -1.49507
0 3 0
0.917631 2.99258 -3.31834
2.31632 2.85602 -1.60566
2.55922 2.5577 2.07512
## (position) Systeme au temps : 1.04
0 0 0
0.916993 0.00634649 -3.35603
2.31698 0.144399 -1.62093
2.55319 0.445759 2.12593
0.00250965 0.801352 -3.47202
1.00308 0.99711 -3.90345
2.10611 0.902999 -3.68088
2.83982 0.679688 -1.50039
0.00247568 2.19745 -3.47371
1.00275 2.00412 -3.90314
2.10303 2.09695 -3.68457
2.84479 2.31267 -1.51612
0 3 0
0.916861 2.99186 -3.35701
2.3162 2.84994 -1.63284
2.55333 2.55177 2.10435
## (position) Systeme au temps : 1.05
0 0 0
0.916278 0.00698906 -3.39416
2.31664 0.150486 -1.64814
2.54736 0.451554 2.15045
0.00278879 0.796275 -3.51672
1.00329 0.996723 -3.96788
2.11094 0.898629 -3.73077
2.83314 0.679367 -1.52228
0.00275104 2.20248 -3.51849
1.00293 2.00459 -3.96753
2.10783 2.10128 -3.73458
2.83817 2.31305 -1.53752
0 3 0
0.916139 2.9911 -3.39523
2.31586 2.84374 -1.66055
2.5475 2.54592 2.1285
## (position) Systeme au temps : 1.06
0 0 0
0.915613 0.00768548 -3.43184
2.31609 0.15669 -1.67585
2.54159 0.457276 2.16906
0.00309438 0.791197 -3.56117
1.0035 0.996294 -4.03262
2.11585 0.894199 -3.7804
2.82632 0.679238 -1.5445
0.00305252 2.20751 -3.56303
1.00312 2.0051 -4.03224
2.1127 2.10568 -3.78433
2.83142 2.31324 -1.55925
0 3 0
0.915467 2.99027 -3.43302
2.31529 2.83742 -1.68876
2.54173 2.54014 2.14674
## (position) Systeme au temps : 1.07
0 0 0
0.914998 0.00843906 -3.46905
2.3153 0.163007 -1.70405
2.5359 0.462925 2.18099
0.00342831 0.786124 -3.60536
1.00372 0.99582 -4.09767
2.12084 0.889714 -3.82977
2.81937 0.679301 -1.56703
0.003382 2.21254 -3.6073
1.00331 2.00566 -4.09726
2.11765 2.11012 -3.83381
2.82453 2.31324 -1.58129
0 3 0
0.914843 2.98938 -3.47035
2.31449 2.831 -1.71747
2.53604 2.53443 2.1583
## (position) Systeme au temps : 1.08
0 0 0
0.914431 0.00925315 -3.5058
2.31429 0.169435 -1.73272
2.53028 0.4685 2.18552
0.00379255 0.781058 -3.64928
1.00394 0.995297 -4.16302
2.12589 0.885179 -3.87886
2.81229 0.679553 -1.58987
0.00374142 2.21756 -3.65131
1.00352 2.00626 -4.16257
2.12268 2.11462 -3.88302
2.81751 2.31306 -1.60366
0 3 0
0.914269 2.98842 -3.50722
2.31348 2.82447 -1.74665
2.53041 2.52879 2.16247
## (position) Systeme au temps : 1.09
0 0 0
0.913913 0.0101312 -3.54207
2.31306 0.175971 -1.76186
2.52472 0.474001 2.18199
0.00418914 0.776006 -3.69292
1.00417 0.994723 -4.22866
2.131 0.8806 -3.92766
2.80508 0.679994 -1.61301
0.00413279 2.22256 -3.69505
1.00372 2.00693 -4.22816
2.12777 2.11915 -3.93194
2.81036 2.31269 -1.62633
0 3 0
0.913743 2.98739 -3.54363
2.31224 2.81783 -1.77631
2.52486 2.52323 2.15858
## (position) Systeme au temps : 1.1
0 0 0
0.913443 0.0110767 -3.57787
2.31161 0.18261 -1.79146
2.51923 0.479427 2.16982
0.00462017 0.770969 -3.73627
1.00441 0.994093 -4.29458
2.13616 0.875984 -3.97617
2.79775 0.680622 -1.63646
0.0045582 2.22755 -3.73849
1.00393 2.00765 -4.29403
2.13291 2.12373 -3.98056
2.80309 2.31214 -1.64932
0 3 0
0.913265 2.9863 -3.57957
2.31078 2.81109 -1.80644
2.51937 2.51773 2.14604
## (position) Systeme au temps : 1.11
0 0 0
0.913021 0.0120932 -3.61318
2.30994 0.18935 -1.82152
2.51382 0.484779 2.14847
0.0050878 0.765954 -3.77933
1.00465 0.993404 -4.36076
2.14138 0.871335 -4.02438
2.7903 0.681435 -1.66022
0.00501979 2.23251 -3.78165
1.00415 2.00843 -4.36016
2.13812 2.12833 -4.02887
2.79568 2.3114 -1.67261
0 3 0
0.912834 2.98512 -3.61504
2.30911 2.80425 -1.83703
2.51395 2.51232 2.12432
## (position) Systeme au temps : 1.12
0 0 0
0.912647 0.0131842 -3.64801
2.30806 0.196186 -1.85203
2.50847 0.490056 2.1175
0.00559425 0.760964 -3.82209
1.0049 0.992651 -4.4272
2.14664 0.866661 -4.07228
2.78274 0.682432 -1.68429
0.00551975 2.23746 -3.8245
1.00437 2.00927 -4.42655
2.14336 2.13296 -4.07687
2.78816 2.31049 -1.69621
0 3 0
0.912451 2.98387 -3.65003
2.30722 2.79732 -1.86808
2.5086 2.50697 2.093
## (position) Systeme au temps : 1.13
0 0 0
0.912319 0.0143534 -3.68235
2.30596 0.203115 -1.883
2.50319 0.495258 2.07655
0.00614178 0.756004 -3.86453
1.00516 0.991832 -4.49389
2.15193 0.861967 -4.11986
2.77506 0.683609 -1.70868
0.00606034 2.24237 -3.86704
1.0046 2.01019 -4.49318
2.14865 2.13761 -4.12456
2.78053 2.3094 -1.72012
0 3 0
0.912114 2.98253 -3.68455
2.30512 2.7903 -1.89958
2.50331 2.5017 2.0517
## (position) Systeme au temps : 1.14
0 0 0
0.912037 0.0156042 -3.71619
2.30365 0.210133 -1.91442
2.49797 0.500386 2.02535
0.0067327 0.751077 -3.90665
1.00542 0.990943 -4.56081
2.15726 0.857259 -4.16712
2.76728 0.684964 -1.7334
0.00664384 2.24724 -3.90927
1.00483 2.01117 -4.56004
2.15398 2.14227 -4.17191
2.77278 2.30813 -1.74436
0 3 0
0.911823 2.9811 -3.71858
2.30281 2.7832 -1.93155
2.49809 2.4965 2.00014
## (position) Systeme au temps : 1.15
0 0 0
0.9118 0.0169403 -3.74955
2.30113 0.217235 -1.94631
2.49283 0.505439 1.96369
0.00736935 0.746188 -3.94845
1.00568 0.989979 -4.62794
2.1626 0.852544 -4.21405
2.75938 0.686496 -1.75847
0.00727259 2.25208 -3.95117
1.00507 2.01223 -4.62712
2.15933 2.14693 -4.21894
2.76492 2.30669 -1.76893
0 3 0
0.911576 2.97959 -3.75213
2.30029 2.77601 -1.96399
2.49294 2.49137 1.93813
## (position) Systeme au temps : 1.16
0 0 0
0.911608 0.0183652 -3.78241
2.2984 0.224417 -1.97867
2.48775 0.510418 1.89148
0.00805411 0.741342 -3.98991
1.00595 0.988937 -4.69528
2.16797 0.847828 -4.26065
2.75139 0.688201 -1.78389
0.00794895 2.25688 -3.99273
1.00531 2.01337 -4.6944
2.16471 2.1516 -4.26563
2.75695 2.30508 -1.79385
0 3 0
0.911373 2.97798 -3.78521
2.29757 2.76874 -1.99689
2.48786 2.48632 1.86558
## (position) Systeme au temps : 1.17
0 0 0
0.911458 0.0198823 -3.81477
2.29548 0.231676 -2.0115
2.48273 0.515324 1.80871
0.00878937 0.736542 -4.03104
1.00622 0.987813 -4.76282
2.17334 0.843118 -4.30691
2.7433 0.690076 -1.8097
0.00867531 2.26163 -4.03396
1.00555 2.01459 -4.76187
2.1701 2.15625 -4.31197
2.74888 2.3033 -1.81914
0 3 0
0.911213 2.97628 -3.8178
2.29465 2.76141 -2.03028
2.48283 2.48134 1.78246
## (position) Systeme au temps : 1.18
0 0 0
0.91135 0.021495 -3.84665
2.29235 0.239006 -2.04483
2.47778 0.520157 1.71545
0.00957755 0.731793 -4.07182
1.0065 0.986604 -4.83053
2.17872 0.83842 -4.35283
2.73512 0.692119 -1.83591
0.00945406 2.26632 -4.07485
1.0058 2.0159 -4.82951
2.17549 2.1609 -4.35798
2.74072 2.30136 -1.8448
0 3 0
0.911094 2.97448 -3.84991
2.29153 2.754 -2.06417
2.47788 2.47643 1.68885
## (position) Systeme au temps : 1.19
0 0 0
0.911282 0.0232067 -3.87803
2.28903 0.246404 -2.07867
2.4729 0.524918 1.61187
0.0104211 0.727099 -4.11224
1.00678 0.985304 -4.8984
2.18409 0.833741 -4.3984
2.72685 0.694326 -1.86254
0.0102876 2.27097 -4.11538
1.00605 2.0173 -4.89731
2.18089 2.16553 -4.40363
2.73246 2.29925 -1.87088
0 3 0
0.911015 2.97257 -3.88154
2.28821 2.74653 -2.09857
2.47298 2.47159 1.58494
## (position) Systeme au temps : 1.2
0 0 0
0.911254 0.0250206 -3.90893
2.28552 0.253864 -2.11304
2.46807 0.529608 1.49824
0.0113224 0.722463 -4.15232
1.00707 0.983912 -4.96642
2.18945 0.829088 -4.44363
2.7185 0.696695 -1.88963
0.0111784 2.27555 -4.15556
1.0063 2.01879 -4.96526
2.18628 2.17012 -4.44893
2.72411 2.29699 -1.89738
0 3 0
0.910975 2.97056 -3.91271
2.28471 2.739 -2.1335
2.46815 2.46682 1.47096
## (position) Systeme au temps : 1.21
0 0 0
0.911264 0.0269397 -3.93934
2.28182 0.261383 -2.14795
2.46331 0.534227 1.37488
0.0122838 0.717891 -4.19203
1.00736 0.982424 -5.03456
2.19479 0.824466 -4.48851
2.71006 0.699221 -1.9172
0.0121288 2.28007 -4.19538
1.00656 2.02037 -5.03333
2.19165 2.17469 -4.49388
2.71568 2.29457 -1.92434
0 3 0
0.910972 2.96845 -3.9434
2.28102 2.73142 -2.16897
2.46338 2.46212 1.34728
## (position) Systeme au temps : 1.22
0 0 0
0.911309 0.0289672 -3.96927
2.27793 0.268954 -2.18344
2.4586 0.538777 1.24225
0.0133078 0.713386 -4.23137
1.00765 0.980836 -5.10282
2.2001 0.819884 -4.53304
2.70155 0.701902 -1.94528
0.0131413 2.28453 -4.23483
1.00682 2.02206 -5.10151
2.197 2.17922 -4.53848
2.70717 2.29201 -1.95179
0 3 0
0.911005 2.96622 -3.97362
2.27715 2.72378 -2.20502
2.45866 2.45748 1.21431
## (position) Systeme au temps : 1.23
0 0 0
0.91139 0.0311058 -3.99873
2.27387 0.276574 -2.21952
2.45396 0.543259 1.10083
0.0143968 0.708952 -4.27035
1.00794 0.979144 -5.17117
2.20538 0.815347 -4.57722
2.69298 0.704733 -1.97392
0.0142181 2.28891 -4.27392
1.00709 2.02385 -5.16979
2.20232 2.1837 -4.58272
2.69858 2.28929 -1.97977
0 3 0
0.911072 2.96388 -4.00338
2.2731 2.7161 -2.24166
2.454 2.45292 1.07257
## (position) Systeme au temps : 1.24
0 0 0
0.911503 0.0333581 -4.02772
2.26963 0.284238 -2.25622
2.44936 0.547673 0.951233
0.0155531 0.704593 -4.30895
1.00824 0.977346 -5.23959
2.21062 0.810862 -4.62105
2.68433 0.707712 -2.00314
0.0153617 2.29322 -4.31263
1.00735 2.02574 -5.23814
2.20761 2.18812 -4.6266
2.68992 2.28643 -2.00829
0 3 0
0.911171 2.96142 -4.03268
2.26888 2.70838 -2.27893
2.4494 2.44842 0.922639
## (position) Systeme au temps : 1.25
0 0 0
0.911647 0.0357268 -4.05624
2.26522 0.291941 -2.29357
2.44483 0.552022 0.7941
0.0167789 0.700313 -4.34718
1.00855 0.975439 -5.30808
2.2158 0.806436 -4.66453
2.67563 0.710834 -2.03299
0.0165744 2.29745 -4.35097
1.00762 2.02774 -5.30654
2.21285 2.19249 -4.67014
2.6812 2.28343 -2.03741
0 3 0
0.911301 2.95885 -4.06154
2.26448 2.70062 -2.31684
2.44485 2.44398 0.765184
## (position) Systeme au temps : 1.26
0 0 0
0.911821 0.0382142 -4.08431
2.26064 0.299677 -2.3316
2.44034 0.556305 0.630159
0.0180766 0.696115 -4.38503
1.00885 0.973421 -5.37659
2.22093 0.802075 -4.70767
2.66687 0.714097 -2.0635
0.0178583 2.3016 -4.38893
1.0079 2.02985 -5.37498
2.21804 2.1968 -4.71332
2.67242 2.28029 -2.06716
0 3 0
0.911459 2.95615 -4.08995
2.25992 2.69283 -2.35544
2.44035 2.43961 0.600924
## (position) Systeme au temps : 1.27
0 0 0
0.912021 0.0408223 -4.11193
2.2559 0.307442 -2.37034
2.43591 0.560526 0.460193
0.0194483 0.692003 -4.4225
1.00916 0.971288 -5.44513
2.226 0.797785 -4.75046
2.65807 0.717495 -2.09472
0.0192158 2.30566 -4.42651
1.00817 2.03207 -5.44344
2.22317 2.20103 -4.75615
2.66359 2.27702 -2.09758
0 3 0
0.911643 2.95334 -4.11793
2.25521 2.68502 -2.39474
2.43591 2.4353 0.430643
## (position) Systeme au temps : 1.28
0 0 0
0.912246 0.0435532 -4.1391
2.251 0.315231 -2.40982
2.43152 0.564685 0.28504
0.0208962 0.687981 -4.45958
1.00948 0.969038 -5.51366
2.23099 0.793574 -4.79291
2.64922 0.721026 -2.12668
0.0206489 2.30964 -4.46371
1.00846 2.03441 -5.51189
2.22823 2.20518 -4.79863
2.6547 2.27362 -2.12871
0 3 0
0.911852 2.9504 -4.14548
2.25033 2.67718 -2.43478
2.43151 2.43106 0.255176
## (position) Systeme au temps : 1.29
0 0 0
0.912494 0.0464085 -4.16585
2.24594 0.323038 -2.45008
2.42718 0.568783 0.105579
0.0224223 0.684052 -4.49628
1.00979 0.96667 -5.58216
2.2359 0.789447 -4.83502
2.64033 0.724686 -2.15943
0.0221598 2.31352 -4.50052
1.00874 2.03686 -5.58032
2.23321 2.20925 -4.84077
2.64577 2.27009 -2.1606
0 3 0
0.912082 2.94734 -4.17262
2.2453 2.66933 -2.47559
2.42715 2.42687 0.0754059
## (position) Systeme au temps : 1.3
0 0 0
0.912762 0.0493898 -4.19218
2.24074 0.330859 -2.49114
2.42289 0.572822 -0.077269
0.0240287 0.68022 -4.53259
1.01012 0.964181 -5.65062
2.24073 0.785411 -4.8768
2.63141 0.728472 -2.19301
0.0237504 2.3173 -4.53694
1.00903 2.03943 -5.6487
2.23812 2.21323 -4.88257
2.6368 2.26644 -2.19328
0 3 0
0.912332 2.94415 -4.19934
2.24013 2.66147 -2.51721
2.42284 2.42274 -0.107748
## (position) Systeme au temps : 1.31
0 0 0
0.913048 0.0524984 -4.21809
2.2354 0.338688 -2.53304
2.41863 0.576803 -0.262554
0.0257172 0.676486 -4.56852
1.01044 0.96157 -5.71901
2.24546 0.781472 -4.91826
2.62246 0.732379 -2.22746
0.0254227 2.32099 -4.57298
1.00932 2.04212 -5.71702
2.24293 2.21711 -4.92404
2.6278 2.26267 -2.22679
0 3 0
0.912599 2.94084 -4.22567
2.23481 2.6536 -2.55967
2.41857 2.41867 -0.293336
## (position) Systeme au temps : 1.32
0 0 0
0.913348 0.0557353 -4.2436
2.22991 0.346519 -2.57582
2.41442 0.580728 -0.449305
0.0274897 0.672856 -4.60406
1.01078 0.958836 -5.78731
2.25009 0.777636 -4.9594
2.61349 0.736405 -2.26282
0.0271786 2.32458 -4.60862
1.00962 2.04493 -5.78525
2.24764 2.22088 -4.96518
2.61878 2.25879 -2.26118
0 3 0
0.912881 2.9374 -4.25162
2.22935 2.64573 -2.60299
2.41434 2.41465 -0.480387
## (position) Systeme au temps : 1.33
0 0 0
0.913662 0.0591012 -4.26873
2.22428 0.354348 -2.61949
2.41024 0.584598 -0.636537
0.0293479 0.669331 -4.63921
1.01111 0.955978 -5.85549
2.25461 0.773908 -5.00022
2.60451 0.740547 -2.29914
0.0290197 2.32806 -4.64388
1.00993 2.04786 -5.85336
2.25225 2.22455 -5.006
2.60973 2.25479 -2.2965
0 3 0
0.913174 2.93383 -4.27718
2.22376 2.63787 -2.64722
2.41015 2.41069 -0.667916
## (position) Systeme au temps : 1.34
0 0 0
0.913985 0.0625969 -4.29348
2.21853 0.362168 -2.6641
2.4061 0.588414 -0.823261
0.0312935 0.665914 -4.67398
1.01145 0.952994 -5.92354
2.25901 0.770295 -5.04074
2.59553 0.744802 -2.33644
0.0309478 2.33143 -4.67875
1.01024 2.05091 -5.92134
2.25675 2.22811 -5.04651
2.60067 2.25068 -2.33277
0 3 0
0.913476 2.93013 -4.30238
2.21804 2.63002 -2.69237
2.40599 2.40678 -0.854933
## (position) Systeme au temps : 1.35
0 0 0
0.914315 0.0662225 -4.31786
2.21265 0.369975 -2.70967
2.40199 0.592177 -1.00849
0.0333281 0.662608 -4.70835
1.0118 0.949886 -5.99142
2.26328 0.766802 -5.08097
2.58654 0.749167 -2.37478
0.0329645 2.33469 -4.71323
1.01055 2.05408 -5.98916
2.26112 2.23154 -5.08671
2.59161 2.24647 -2.37005
0 3 0
0.913784 2.92631 -4.32723
2.21219 2.62218 -2.73848
2.40187 2.40293 -1.04045
## (position) Systeme au temps : 1.36
0 0 0
0.914649 0.0699781 -4.3419
2.20664 0.377761 -2.75622
2.39791 0.595887 -1.19125
0.0354529 0.659416 -4.74234
1.01216 0.946651 -6.05912
2.26743 0.763434 -5.12091
2.57756 0.753643 -2.41419
0.0350711 2.33785 -4.74733
1.01088 2.05738 -6.0568
2.26537 2.23485 -5.12662
2.58254 2.24215 -2.40837
0 3 0
0.914095 2.92236 -4.35175
2.20622 2.61437 -2.78557
2.39777 2.39913 -1.2235
## (position) Systeme au temps : 1.37
0 0 0
0.914983 0.0738636 -4.36559
2.20051 0.385523 -2.80379
2.39386 0.599545 -1.3706
0.0376695 0.656339 -4.77595
1.01252 0.943292 -6.12662
2.27144 0.760197 -5.16058
2.5686 0.758227 -2.45469
0.0372692 2.34088 -4.78103
1.01121 2.06079 -6.12424
2.26949 2.23803 -5.16625
2.57349 2.23773 -2.44776
0 3 0
0.914406 2.91828 -4.37593
2.20013 2.60658 -2.83368
2.3937 2.39538 -1.40313
## (position) Systeme au temps : 1.38
0 0 0
0.915315 0.0778785 -4.38896
2.19427 0.393252 -2.8524
2.38982 0.603151 -1.5456
0.039979 0.65338 -4.80917
1.01289 0.939808 -6.19388
2.2753 0.757096 -5.19999
2.55967 0.762919 -2.49633
0.0395598 2.3438 -4.81435
1.01154 2.06433 -6.19145
2.27346 2.24108 -5.20561
2.56445 2.23321 -2.48826
0 3 0
0.914713 2.91408 -4.39981
2.19392 2.59882 -2.88281
2.38965 2.39168 -1.57842
## (position) Systeme au temps : 1.39
0 0 0
0.915641 0.082022 -4.41203
2.18791 0.400944 -2.90207
2.38581 0.606702 -1.71538
0.0423825 0.650541 -4.842
1.01327 0.9362 -6.26088
2.27902 0.754135 -5.23914
2.55077 0.767722 -2.53912
0.0419442 2.3466 -4.84729
1.01189 2.06798 -6.25841
2.27729 2.24399 -5.2447
2.55544 2.22858 -2.52989
0 3 0
0.915014 2.90975 -4.42339
2.18761 2.59111 -2.933
2.38562 2.38804 -1.74847
## (position) Systeme au temps : 1.4
0 0 0
0.915958 0.0862932 -4.4348
2.18144 0.408591 -2.95281
2.38181 0.610197 -1.8791
0.0448811 0.647824 -4.87446
1.01365 0.93247 -6.32761
2.28258 0.751319 -5.27806
2.54192 0.772639 -2.58309
0.0444234 2.34929 -4.87984
1.01225 2.07175 -6.32509
2.28097 2.24675 -5.28355
2.54646 2.22385 -2.5727
0 3 0
0.915304 2.9053 -4.44668
2.18118 2.58344 -2.98426
2.38161 2.38445 -1.91247
## (position) Systeme au temps : 1.41
0 0 0
0.916262 0.0906908 -4.45729
2.17486 0.416187 -3.00464
2.37783 0.61363 -2.03597
0.0474756 0.645231 -4.90654
1.01405 0.928619 -6.39403
2.28597 0.748653 -5.31676
2.53312 0.777675 -2.62827
0.0469984 2.35184 -4.91201
1.01261 2.07564 -6.39147
2.28448 2.24936 -5.32216
2.53753 2.21902 -2.61669
0 3 0
0.915581 2.90073 -4.46971
2.17464 2.57582 -3.0366
2.3776 2.38093 -2.06961
## (position) Systeme au temps : 1.42
0 0 0
0.916549 0.0952133 -4.47952
2.16817 0.423726 -3.05756
2.37384 0.616996 -2.18527
0.0501668 0.642762 -4.93824
1.01445 0.924648 -6.46012
2.28919 0.74614 -5.35524
2.52441 0.782839 -2.67465
0.0496699 2.35428 -4.9438
1.01299 2.07965 -6.45753
2.28783 2.25182 -5.36055
2.52865 2.21406 -2.6619
0 3 0
0.91584 2.89604 -4.49248
2.168 2.56827 -3.09004
2.37361 2.37748 -2.21918
## (position) Systeme au temps : 1.43
0 0 0
0.916817 0.099859 -4.5015
2.16138 0.4312 -3.11159
2.36986 0.620285 -2.32635
0.0529554 0.64042 -4.96956
1.01487 0.92056 -6.52586
2.29224 0.743786 -5.39353
2.51578 0.788143 -2.72226
0.0524386 2.35659 -4.97522
1.01337 2.08376 -6.52324
2.29101 2.25412 -5.39874
2.51986 2.20899 -2.70833
0 3 0
0.916078 2.89123 -4.51502
2.16125 2.56078 -3.14457
2.36961 2.3741 -2.36052
## (position) Systeme au temps : 1.44
0 0 0
0.917059 0.104626 -4.52325
2.15448 0.438602 -3.16673
2.36585 0.623483 -2.45863
0.0558419 0.638205 -5.00051
1.0153 0.916358 -6.59121
2.29511 0.741593 -5.43165
2.50726 0.793603 -2.77108
0.0553052 2.35878 -5.00626
1.01377 2.08799 -6.58858
2.294 2.25627 -5.43674
2.51115 2.20378 -2.75598
0 3 0
0.916291 2.8863 -4.53733
2.1544 2.55336 -3.20021
2.36559 2.37082 -2.49306
## (position) Systeme au temps : 1.45
0 0 0
0.917274 0.109512 -4.54479
2.14747 0.445926 -3.22297
2.36183 0.626572 -2.58161
0.0588267 0.636118 -5.0311
1.01573 0.912044 -6.65617
2.2978 0.739564 -5.4696
2.49888 0.79924 -2.82109
0.05827 2.36084 -5.03693
1.01418 2.09232 -6.65352
2.29682 2.25825 -5.47456
2.50255 2.19841 -2.80486
0 3 0
0.916474 2.88126 -4.55944
2.14744 2.54602 -3.25694
2.36156 2.36765 -2.6163
## (position) Systeme au temps : 1.46
0 0 0
0.917456 0.114514 -4.56613
2.14035 0.453165 -3.28032
2.35776 0.629531 -2.6949
0.0619102 0.634161 -5.06132
1.01618 0.907621 -6.7207
2.30029 0.737704 -5.50741
2.49065 0.805075 -2.87228
0.0613334 2.36277 -5.06723
1.0146 2.09675 -6.71805
2.29945 2.26006 -5.51223
2.49408 2.19288 -2.85495
0 3 0
0.916624 2.87611 -4.58136
2.14037 2.53876 -3.31477
2.35749 2.36461 -2.72984
## (position) Systeme au temps : 1.47
0 0 0
0.917602 0.119629 -4.58729
2.13312 0.460313 -3.33875
2.35366 0.632339 -2.79818
0.0650925 0.632333 -5.09117
1.01665 0.903093 -6.78478
2.30259 0.736015 -5.5451
2.48259 0.811129 -2.92459
0.0644957 2.36457 -5.09716
1.01504 2.10129 -6.78213
2.30188 2.26171 -5.54976
2.48577 2.18714 -2.90622
0 3 0
0.916737 2.87085 -4.6031
2.13319 2.5316 -3.37368
2.35338 2.36173 -2.83337
## (position) Systeme au temps : 1.48
0 0 0
0.917706 0.124855 -4.60828
2.12578 0.467365 -3.39825
2.34949 0.634975 -2.89124
0.0683737 0.630636 -5.12067
1.01712 0.898463 -6.84839
2.30468 0.7345 -5.58268
2.4747 0.817413 -2.97798
0.067757 2.36625 -5.12673
1.01549 2.10592 -6.84575
2.30412 2.26318 -5.58717
2.47761 2.1812 -2.95862
0 3 0
0.916807 2.86548 -4.62469
2.12591 2.52453 -3.43366
2.34922 2.35902 -2.92668
## (position) Systeme au temps : 1.49
0 0 0
0.917765 0.130188 -4.62912
2.11834 0.474317 -3.45881
2.34528 0.63743 -2.97396
0.0717538 0.629069 -5.1498
1.01761 0.893736 -6.9115
2.30658 0.733161 -5.62017
2.46699 0.823933 -3.03239
0.0711172 2.36779 -5.15594
1.01595 2.11064 -6.90887
2.30615 2.26447 -5.62447
2.46964 2.17502 -3.0121
0 3 0
0.916831 2.86002 -4.64613
2.11852 2.51757 -3.49469
2.34501 2.3565 -3.00965
## (position) Systeme au temps : 1.5
0 0 0
0.917774 0.135625 -4.64984
2.11079 0.481166 -3.52041
2.34102 0.639696 -3.04629
0.0752326 0.627633 -5.17859
1.01811 0.888915 -6.97409
2.30827 0.732001 -5.65759
2.45947 0.830689 -3.08779
0.0745763 2.36921 -5.1848
1.01643 2.11545 -6.97149
2.30798 2.2656 -5.6617
2.46183 2.16862 -3.06663
0 3 0
0.916804 2.85446 -4.66745
2.11102 2.5107 -3.55674
2.34076 2.35418 -3.08222
## (position) Systeme au temps : 1.51
0 0 0
0.917728 0.141162 -4.67044
2.10313 0.487913 -3.58302
2.33673 0.641771 -3.10826
0.0788099 0.626327 -5.20702
1.01863 0.884006 -7.03614
2.30974 0.731022 -5.69496
2.45211 0.837678 -3.14416
0.078134 2.3705 -5.2133
1.01693 2.12034 -7.03357
2.30959 2.26654 -5.69886
2.45421 2.16197 -3.12215
0 3 0
0.916721 2.8488 -4.68866
2.10342 2.50394 -3.61981
2.33648 2.35205 -3.14444
## (position) Systeme au temps : 1.52
0 0 0
0.917622 0.146795 -4.69094
2.09539 0.494557 -3.64662
2.3324 0.643652 -3.15999
0.0824853 0.625151 -5.23511
1.01916 0.879013 -7.09762
2.311 0.730224 -5.73231
2.44493 0.844893 -3.20147
0.08179 2.37166 -5.24146
1.01744 2.12531 -7.09509
2.31099 2.2673 -5.73599
2.44675 2.1551 -3.17863
0 3 0
0.916577 2.84306 -4.70977
2.09573 2.49728 -3.68385
2.33217 2.35012 -3.19641
## (position) Systeme au temps : 1.53
0 0 0
0.917451 0.15252 -4.71136
2.08755 0.501101 -3.71117
2.32804 0.645336 -3.20164
0.0862582 0.624105 -5.26286
1.0197 0.873941 -7.15851
2.31205 0.729611 -5.76965
2.43791 0.852328 -3.25972
0.0855438 2.3727 -5.26926
1.01796 2.13036 -7.15603
2.31218 2.26788 -5.77309
2.43947 2.14801 -3.23607
0 3 0
0.916368 2.83723 -4.73081
2.08795 2.49073 -3.74884
2.32783 2.34838 -3.2383
## (position) Systeme au temps : 1.54
0 0 0
0.917211 0.158331 -4.73171
2.07964 0.50755 -3.77664
2.32365 0.646823 -3.23347
0.0901282 0.623188 -5.29027
1.02026 0.868797 -7.2188
2.31287 0.729183 -5.807
2.43105 0.859973 -3.31892
0.089395 2.3736 -5.29673
1.0185 2.13547 -7.21637
2.31315 2.26827 -5.81019
2.43234 2.1407 -3.29446
0 3 0
0.916088 2.83132 -4.75178
2.0801 2.48426 -3.81475
2.32347 2.34685 -3.27037
## (position) Systeme au temps : 1.55
0 0 0
0.916895 0.164226 -4.75202
2.07166 0.513907 -3.84301
2.31924 0.648114 -3.25581
0.0940946 0.6224 -5.31735
1.02084 0.863584 -7.27846
2.31347 0.728941 -5.84439
2.42433 0.867813 -3.37907
0.0933428 2.37438 -5.32386
1.01906 2.14065 -7.2761
2.31389 2.26849 -5.84731
2.42537 2.13319 -3.3538
0 3 0
0.915732 2.82534 -4.77271
2.07218 2.47789 -3.88154
2.31909 2.34552 -3.29296
## (position) Systeme au temps : 1.56
0 0 0
0.9165 0.170199 -4.77229
2.06363 0.520179 -3.91024
2.31482 0.649217 -3.26907
0.0981565 0.621738 -5.34409
1.02143 0.85831 -7.33746
2.31385 0.728886 -5.88183
2.41775 0.875826 -3.4402
0.0973865 2.37504 -5.35065
1.01964 2.14588 -7.33518
2.31441 2.26852 -5.88447
2.41854 2.12548 -3.4141
0 3 0
0.915296 2.81928 -4.7936
2.06421 2.47161 -3.94919
2.31469 2.34438 -3.30646
## (position) Systeme au temps : 1.57
0 0 0
0.91602 0.176244 -4.79254
2.05556 0.52637 -3.97828
2.31037 0.650145 -3.27372
0.102313 0.621203 -5.37051
1.02204 0.852979 -7.3958
2.314 0.729018 -5.91935
2.41129 0.883982 -3.5023
0.101525 2.37557 -5.37712
1.02023 2.15116 -7.3936
2.3147 2.26836 -5.9217
2.41185 2.1176 -3.47538
0 3 0
0.914773 2.81316 -4.81448
2.05621 2.4654 -4.01764
2.31028 2.34342 -3.31135
## (position) Systeme au temps : 1.58
0 0 0
0.915448 0.182358 -4.81279
2.04747 0.532488 -4.0471
2.30593 0.650919 -3.27033
0.106563 0.620793 -5.3966
1.02266 0.8476 -7.45344
2.31393 0.729338 -5.95697
2.40494 0.892249 -3.56538
0.105758 2.37598 -5.40325
1.02084 2.15648 -7.45134
2.31477 2.26802 -5.95901
2.40528 2.10959 -3.53765
0 3 0
0.914159 2.80698 -4.83535
2.04819 2.45927 -4.08687
2.30587 2.34262 -3.30819
## (position) Systeme au temps : 1.59
0 0 0
0.914781 0.188534 -4.83304
2.03938 0.538536 -4.11665
2.30148 0.651563 -3.25952
0.110906 0.620506 -5.42238
1.0233 0.842177 -7.51038
2.31362 0.729845 -5.99471
2.39868 0.900595 -3.62942
0.110084 2.37627 -5.42907
1.02147 2.16184 -7.50838
2.3146 2.26749 -5.99643
2.39881 2.10147 -3.6009
0 3 0
0.913448 2.80074 -4.85623
2.04016 2.45321 -4.15681
2.30146 2.34195 -3.29762
## (position) Systeme au temps : 1.6
0 0 0
0.914012 0.194767 -4.85332
2.0313 0.544521 -4.18688
2.29704 0.652099 -3.24202
0.11534 0.620341 -5.44784
1.02396 0.836717 -7.56659
2.31309 0.730539 -6.03259
2.3925 0.908986 -3.69441
0.114502 2.37643 -5.45457
1.02212 2.16724 -7.5647
2.31421 2.26678 -6.03398
2.39244 2.09327 -3.66512
0 3 0
0.912635 2.79445 -4.87713
2.03215 2.44721 -4.22744
2.29706 2.34139 -3.28035
## (position) Systeme au temps : 1.61
0 0 0
0.913137 0.201052 -4.87364
2.02324 0.550446 -4.25775
2.2926 0.652548 -3.2186
0.119864 0.620296 -5.47298
1.02463 0.831228 -7.62206
2.31233 0.73142 -6.07064
2.3864 0.917396 -3.76031
0.11901 2.37648 -5.47975
1.02278 2.17265 -7.62029
2.31358 2.26589 -6.07168
2.38614 2.08504 -3.73029
0 3 0
0.911715 2.78812 -4.89806
2.02415 2.44127 -4.2987
2.29267 2.34092 -3.25715
## (position) Systeme au temps : 1.62
0 0 0
0.91215 0.207383 -4.894
2.01522 0.556316 -4.32921
2.28818 0.65293 -3.19007
0.124477 0.62037 -5.49783
1.02531 0.825716 -7.67677
2.31134 0.732486 -6.10887
2.38036 0.925798 -3.82708
0.123608 2.37642 -5.50462
1.02346 2.17809 -7.67512
2.31273 2.26481 -6.10955
2.37992 2.07679 -3.79638
0 3 0
0.910683 2.78175 -4.91904
2.0162 2.43538 -4.37053
2.28829 2.34051 -3.22885
## (position) Systeme au temps : 1.63
0 0 0
0.911046 0.213754 -4.91442
2.00725 0.562134 -4.4012
2.28377 0.65326 -3.15733
0.129178 0.620559 -5.52236
1.02601 0.820189 -7.7307
2.31012 0.733736 -6.1473
2.37437 0.934169 -3.89469
0.128293 2.37624 -5.52918
1.02415 2.18353 -7.72919
2.31164 2.26355 -6.14762
2.37377 2.06856 -3.86335
0 3 0
0.909533 2.77535 -4.94007
2.0083 2.42955 -4.44289
2.28392 2.34016 -3.19633
## (position) Systeme au temps : 1.64
0 0 0
0.90982 0.22016 -4.93491
1.99935 0.567903 -4.47367
2.27937 0.653552 -3.12127
0.133964 0.620863 -5.5466
1.02672 0.814653 -7.78384
2.30867 0.73517 -6.18597
2.36844 0.942491 -3.96308
0.133065 2.37595 -5.55344
1.02486 2.18898 -7.78248
2.31032 2.26211 -6.1859
2.36767 2.06036 -3.93116
0 3 0
0.908262 2.76892 -4.96116
2.00046 2.42377 -4.51572
2.27956 2.33985 -3.16049
## (position) Systeme au temps : 1.65
0 0 0
0.908468 0.226595 -4.95547
1.99151 0.573626 -4.54656
2.27498 0.653819 -3.08284
0.138834 0.621278 -5.57054
1.02745 0.809115 -7.83618
2.307 0.736785 -6.22488
2.36255 0.950745 -4.03222
0.137922 2.37555 -5.5774
1.02559 2.19442 -7.83496
2.30877 2.2605 -6.22442
2.36163 2.05222 -3.99976
0 3 0
0.906864 2.76247 -4.98233
1.9927 2.41804 -4.58898
2.27521 2.33956 -3.12228
## (position) Systeme au temps : 1.66
0 0 0
0.906985 0.233053 -4.97612
1.98377 0.579304 -4.61983
2.2706 0.654071 -3.043
0.143787 0.621803 -5.59419
1.02819 0.803584 -7.88769
2.3051 0.738579 -6.26406
2.35671 0.958915 -4.10206
0.142862 2.37504 -5.60106
1.02633 2.19986 -7.88664
2.30699 2.2587 -6.26319
2.35563 2.04415 -4.06911
0 3 0
0.905335 2.756 -5.00358
1.98502 2.41235 -4.66259
2.27087 2.33929 -3.08266
## (position) Systeme au temps : 1.67
0 0 0
0.905367 0.239528 -4.99687
1.97612 0.584939 -4.69341
2.26623 0.654318 -3.00272
0.14882 0.622434 -5.61755
1.02894 0.798066 -7.93837
2.30297 0.740551 -6.30353
2.35092 0.966988 -4.17254
0.147884 2.37442 -5.62443
1.02709 2.20527 -7.93749
2.30499 2.25673 -6.30225
2.34969 2.03618 -4.13916
0 3 0
0.903671 2.74952 -5.02491
1.97743 2.4067 -4.73652
2.26654 2.33902 -3.04259
## (position) Systeme au temps : 1.68
0 0 0
0.903611 0.246016 -5.01771
1.96857 0.590533 -4.76726
2.26186 0.654568 -2.96296
0.153933 0.62317 -5.64062
1.0297 0.792569 -7.98821
2.30063 0.742698 -6.34331
2.34517 0.97495 -4.24362
0.152985 2.37371 -5.64752
1.02786 2.21066 -7.98751
2.30276 2.25459 -6.3416
2.34379 2.0283 -4.20986
0 3 0
0.90187 2.74304 -5.04634
1.96995 2.40109 -4.81071
2.26222 2.33875 -3.00304
## (position) Systeme au temps : 1.69
0 0 0
0.901714 0.25251 -5.03866
1.96113 0.596087 -4.84133
2.2575 0.65483 -2.9247
0.159122 0.624007 -5.66342
1.03048 0.787101 -8.03719
2.29806 0.745016 -6.38341
2.33945 0.98279 -4.31525
0.158164 2.3729 -5.67031
1.02864 2.21602 -8.03668
2.3003 2.25228 -6.38127
2.33794 2.02054 -4.28116
0 3 0
0.899927 2.73656 -5.06786
1.96258 2.39553 -4.8851
2.25789 2.33847 -2.96499
## (position) Systeme au temps : 1.7
0 0 0
0.899673 0.259005 -5.05972
1.95381 0.6016 -4.91555
2.25314 0.655109 -2.88887
0.164387 0.624942 -5.68593
1.03126 0.781669 -8.08531
2.29527 0.747504 -6.42387
2.33378 0.990498 -4.38738
0.163419 2.37199 -5.69283
1.02943 2.22133 -8.08499
2.29763 2.2498 -6.42129
2.33213 2.01291 -4.35301
0 3 0
0.897842 2.73008 -5.08949
1.95532 2.39001 -4.95965
2.25357 2.33817 -2.92936
## (position) Systeme au temps : 1.71
0 0 0
0.897486 0.265496 -5.08089
1.9466 0.607074 -4.98989
2.24878 0.655413 -2.8564
0.169724 0.625973 -5.70816
1.03205 0.77628 -8.13255
2.29227 0.750157 -6.46469
2.32815 0.998063 -4.45997
0.168748 2.37098 -5.71506
1.03024 2.2266 -8.13243
2.29473 2.24716 -6.46165
2.32636 2.00542 -4.42536
0 3 0
0.895612 2.72361 -5.11122
1.94818 2.38452 -5.03431
2.24925 2.33785 -2.8971
## (position) Systeme au temps : 1.72
0 0 0
0.895153 0.271979 -5.10218
1.93953 0.612509 -5.06429
2.24442 0.655746 -2.82817
0.175133 0.627097 -5.73013
1.03285 0.770943 -8.17891
2.28906 0.752974 -6.50589
2.32255 1.00548 -4.53296
0.174148 2.36989 -5.73702
1.03105 2.23181 -8.179
2.29162 2.24436 -6.5024
2.32063 1.99807 -4.49816
0 3 0
0.893237 2.71716 -5.13305
1.94116 2.37908 -5.10902
2.24492 2.3375 -2.86908
## (position) Systeme au temps : 1.73
0 0 0
0.892672 0.278447 -5.12358
1.93258 0.617903 -5.13871
2.24006 0.656115 -2.80505
0.18061 0.62831 -5.75182
1.03365 0.765664 -8.22437
2.28564 0.755949 -6.5475
2.31699 1.01273 -4.60631
0.179618 2.36871 -5.7587
1.03188 2.23696 -8.22468
2.2883 2.2414 -6.54354
2.31494 1.99088 -4.57137
0 3 0
0.890717 2.71073 -5.15499
1.93427 2.37368 -5.18374
2.24059 2.33711 -2.84616
## (position) Systeme au temps : 1.74
0 0 0
0.890046 0.284898 -5.1451
1.92575 0.623257 -5.21311
2.23569 0.656523 -2.78782
0.186154 0.62961 -5.77325
1.03446 0.760452 -8.26894
2.28201 0.759079 -6.58952
2.31146 1.01982 -4.67999
0.185156 2.36744 -5.78012
1.03271 2.24203 -8.26946
2.28476 2.23829 -6.58509
2.3093 1.98385 -4.64494
0 3 0
0.888051 2.70433 -5.17704
1.9275 2.36832 -5.25844
2.23626 2.33668 -2.82913
## (position) Systeme au temps : 1.75
0 0 0
0.887275 0.291327 -5.16675
1.91906 0.62857 -5.28745
2.23131 0.656976 -2.77723
0.191762 0.630992 -5.79441
1.03527 0.755313 -8.31261
2.27819 0.762361 -6.63197
2.30598 1.02674 -4.75394
0.190759 2.36609 -5.80127
1.03354 2.24703 -8.31336
2.28102 2.23504 -6.62706
2.30369 1.97699 -4.71883
0 3 0
0.885243 2.69795 -5.1992
1.92086 2.363 -5.33306
2.23191 2.33621 -2.81874
## (position) Systeme au temps : 1.76
0 0 0
0.884362 0.29773 -5.18851
1.9125 0.63384 -5.36168
2.22693 0.657477 -2.77397
0.197432 0.632454 -5.81531
1.03609 0.750255 -8.35536
2.27416 0.76579 -6.67487
2.30052 1.03347 -4.82814
0.196425 2.36467 -5.82215
1.03438 2.25195 -8.35634
2.27708 2.23163 -6.66949
2.29812 1.9703 -4.793
0 3 0
0.882295 2.6916 -5.22147
1.91435 2.35773 -5.40757
2.22756 2.3357 -2.81568
## (position) Systeme au temps : 1.77
0 0 0
0.881309 0.304103 -5.21039
1.90606 0.639065 -5.43577
2.22254 0.65803 -2.77865
0.203162 0.633993 -5.83596
1.0369 0.745285 -8.39721
2.26995 0.769362 -6.71823
2.2951 1.04002 -4.90255
0.202151 2.36317 -5.84277
1.03522 2.25677 -8.39842
2.27295 2.22809 -6.71236
2.29259 1.9638 -4.8674
0 3 0
0.879209 2.68529 -5.24384
1.90796 2.3525 -5.48194
2.2232 2.33513 -2.82055
## (position) Systeme au temps : 1.78
0 0 0
0.87812 0.310443 -5.2324
1.89975 0.644245 -5.50969
2.21814 0.658638 -2.79181
0.208949 0.635604 -5.85634
1.03771 0.74041 -8.43813
2.26554 0.773072 -6.76207
2.28972 1.04639 -4.97713
0.207936 2.3616 -5.86313
1.03606 2.2615 -8.43959
2.26862 2.22441 -6.75571
2.2871 1.95749 -4.94201
0 3 0
0.87599 2.67902 -5.26633
1.90169 2.34732 -5.55612
2.21883 2.33451 -2.8339
## (position) Systeme au temps : 1.79
0 0 0
0.874801 0.316747 -5.25452
1.89355 0.649377 -5.58341
2.21372 0.659304 -2.81391
0.214791 0.637285 -5.87647
1.03852 0.735637 -8.47814
2.26096 0.776916 -6.8064
2.28437 1.05256 -5.05186
0.213776 2.35996 -5.88324
1.0369 2.26612 -8.47985
2.2641 2.2206 -6.79955
2.28165 1.95137 -5.01678
0 3 0
0.872643 2.67279 -5.28892
1.89553 2.34219 -5.6301
2.21444 2.33382 -2.8562
## (position) Systeme au temps : 1.8
0 0 0
0.871356 0.323013 -5.27676
1.88747 0.654459 -5.6569
2.2093 0.660031 -2.84533
0.220685 0.639032 -5.89635
1.03931 0.730974 -8.51724
2.25619 0.780888 -6.85122
2.27906 1.05853 -5.12671
0.21967 2.35826 -5.90309
1.03774 2.27063 -8.51919
2.25939 2.21666 -6.84388
2.27623 1.94544 -5.0917
0 3 0
0.869173 2.6666 -5.31161
1.88949 2.3371 -5.70384
2.21004 2.33308 -2.88781
## (position) Systeme au temps : 1.81
0 0 0
0.867791 0.329237 -5.29912
1.8815 0.659488 -5.73013
2.20487 0.660821 -2.88637
0.226629 0.640841 -5.91598
1.04011 0.726426 -8.55541
2.25125 0.784985 -6.89656
2.27378 1.0643 -5.20166
0.225615 2.3565 -5.92268
1.03857 2.27501 -8.55762
2.25451 2.2126 -6.88873
2.27085 1.93971 -5.16674
0 3 0
0.865586 2.66046 -5.33442
1.88356 2.33208 -5.77733
2.20563 2.33228 -2.92905
## (position) Systeme au temps : 1.82
0 0 0
0.864113 0.335417 -5.3216
1.87564 0.664464 -5.8031
2.20042 0.661676 -2.93724
0.232621 0.642709 -5.93536
1.04089 0.722001 -8.59266
2.24615 0.789201 -6.94241
2.26854 1.06987 -5.27669
0.231608 2.35468 -5.94203
1.03939 2.27928 -8.59513
2.24946 2.20842 -6.93409
2.26551 1.93418 -5.24186
0 3 0
0.861888 2.65437 -5.35733
1.87772 2.3271 -5.85053
2.2012 2.33141 -2.98011
## (position) Systeme au temps : 1.83
0 0 0
0.860328 0.341551 -5.3442
1.86987 0.669383 -5.87577
2.19596 0.662598 -2.99805
0.238657 0.644632 -5.95449
1.04165 0.717705 -8.629
2.24088 0.793532 -6.9888
2.26333 1.07523 -5.35179
0.237647 2.35281 -5.96112
1.0402 2.28341 -8.63172
2.24424 2.20414 -6.97999
2.26021 1.92886 -5.31706
0 3 0
0.858086 2.64833 -5.38035
1.87198 2.32219 -5.92343
2.19676 2.33048 -3.0411
## (position) Systeme au temps : 1.84
0 0 0
0.856444 0.347637 -5.36692
1.86419 0.674242 -5.94814
2.19148 0.663588 -3.06883
0.244735 0.646607 -5.97337
1.04241 0.713544 -8.66442
2.23545 0.797971 -7.03572
2.25815 1.08038 -5.42694
0.243728 2.35088 -5.97997
1.04101 2.2874 -8.66741
2.23886 2.19974 -7.02642
2.25494 1.92375 -5.39231
0 3 0
0.854188 2.64234 -5.40347
1.86633 2.31734 -5.99601
2.1923 2.32948 -3.11207
## (position) Systeme au temps : 1.85
0 0 0
0.852467 0.353673 -5.38976
1.8586 0.67904 -6.02019
2.187 0.664647 -3.14951
0.250852 0.648631 -5.99202
1.04314 0.709524 -8.69893
2.22988 0.802514 -7.08319
2.25301 1.08533 -5.50213
0.24985 2.34891 -5.99857
1.04179 2.29125 -8.70218
2.23332 2.19524 -7.0734
2.24972 1.91884 -5.46761
0 3 0
0.8502 2.63641 -5.4267
1.86075 2.31254 -6.06827
2.18783 2.32841 -3.19294
## (position) Systeme au temps : 1.86
0 0 0
0.848406 0.359657 -5.41273
1.85308 0.683774 -6.09192
2.18249 0.665777 -3.23994
0.257006 0.650699 -6.01042
1.04386 0.705651 -8.73253
2.22416 0.807156 -7.1312
2.2479 1.09006 -5.57736
0.25601 2.3469 -6.01692
1.04256 2.29496 -8.73605
2.22763 2.19065 -7.12094
2.24452 1.91414 -5.54294
0 3 0
0.84613 2.63053 -5.45004
1.85525 2.30782 -6.1402
2.18334 2.32727 -3.28355
## (position) Systeme au temps : 1.87
0 0 0
0.844268 0.365587 -5.43581
1.84763 0.688441 -6.16331
2.17798 0.666976 -3.33988
0.263194 0.652807 -6.02857
1.04455 0.70193 -8.76523
2.2183 0.811891 -7.17978
2.24282 1.09459 -5.65263
0.262205 2.34485 -6.03504
1.04331 2.2985 -8.76902
2.2218 2.18596 -7.16903
2.23937 1.90965 -5.61829
0 3 0
0.841986 2.62471 -5.47349
1.84981 2.30316 -6.21178
2.17884 2.32607 -3.38367
## (position) Systeme au temps : 1.88
0 0 0
0.84006 0.371462 -5.45902
1.84223 0.69304 -6.23437
2.17345 0.668247 -3.44898
0.269413 0.654954 -6.04649
1.04522 0.698368 -8.79703
2.21231 0.816714 -7.22891
2.23778 1.09891 -5.72793
0.268432 2.34276 -6.0529
1.04404 2.30189 -8.80109
2.21583 2.18119 -7.21769
2.23425 1.90538 -5.69367
0 3 0
0.837776 2.61895 -5.49705
1.84442 2.29857 -6.28303
2.17432 2.32479 -3.49295
## (position) Systeme au temps : 1.89
0 0 0
0.83579 0.37728 -5.48235
1.83689 0.697568 -6.30509
2.1689 0.669587 -3.56684
0.27566 0.657134 -6.06417
1.04586 0.694968 -8.82795
2.2062 0.82162 -7.27861
2.23277 1.10301 -5.80327
0.274689 2.34064 -6.07053
1.04474 2.30512 -8.83227
2.20973 2.17634 -7.26693
2.22916 1.9013 -5.76908
0 3 0
0.833507 2.61325 -5.52072
1.83909 2.29406 -6.35393
2.16978 2.32345 -3.61099
## (position) Systeme au temps : 1.9
0 0 0
0.831467 0.38304 -5.50581
1.8316 0.702022 -6.37549
2.16435 0.670996 -3.69297
0.281933 0.659344 -6.0816
1.04646 0.691735 -8.85798
2.19996 0.826604 -7.32888
2.22779 1.10691 -5.87866
0.280972 2.33849 -6.08792
1.04541 2.30817 -8.86257
2.20351 2.17141 -7.31673
2.22412 1.89744 -5.84451
0 3 0
0.829186 2.60762 -5.54449
1.83379 2.28961 -6.42449
2.16523 2.32203 -3.7373
## (position) Systeme au temps : 1.91
0 0 0
0.827097 0.38874 -5.5294
1.82634 0.706402 -6.44556
2.15978 0.672474 -3.82678
0.288229 0.661582 -6.0988
1.04704 0.688675 -8.88714
2.19361 0.83166 -7.37971
2.22284 1.11061 -5.95411
0.28728 2.33632 -6.10507
1.04605 2.31105 -8.89199
2.19716 2.16641 -7.36711
2.2191 1.89379 -5.91998
0 3 0
0.824822 2.60204 -5.56838
1.82853 2.28525 -6.49471
2.16067 2.32055 -3.87129
## (position) Systeme au temps : 1.92
0 0 0
0.822688 0.394378 -5.55311
1.8211 0.710704 -6.51531
2.15519 0.674019 -3.96765
0.294545 0.663842 -6.11576
1.04758 0.685792 -8.91544
2.18716 0.836783 -7.43112
2.21793 1.1141 -6.02962
0.293608 2.33412 -6.12197
1.04666 2.31376 -8.92055
2.19071 2.16134 -7.41807
2.21413 1.89034 -5.99549
0 3 0
0.820421 2.59654 -5.59239
1.82329 2.28096 -6.56462
2.15609 2.319 -4.01233
## (position) Systeme au temps : 1.93
0 0 0
0.818247 0.399953 -5.57695
1.81589 0.714927 -6.58477
2.1506 0.675629 -4.11487
0.300878 0.666123 -6.13248
1.04807 0.683089 -8.94288
2.1806 0.841968 -7.4831
2.21306 1.11739 -6.10521
0.299955 2.3319 -6.13864
1.04723 2.31628 -8.94826
2.18415 2.15622 -7.46961
2.20918 1.88709 -6.07106
0 3 0
0.81599 2.5911 -5.61651
1.81807 2.27675 -6.63421
2.1515 2.31739 -4.15972
## (position) Systeme au temps : 1.94
0 0 0
0.813781 0.405463 -5.60093
1.81069 0.71907 -6.65392
2.146 0.677302 -4.26767
0.307226 0.668421 -6.14897
1.04853 0.68057 -8.96947
2.17395 0.84721 -7.53565
2.20821 1.12048 -6.1809
0.306318 2.32967 -6.15507
1.04776 2.31862 -8.97511
2.17749 2.15104 -7.52173
2.20428 1.88404 -6.14669
0 3 0
0.811538 2.58572 -5.64074
1.81285 2.27263 -6.7035
2.1469 2.31572 -4.3127
## (position) Systeme au temps : 1.95
0 0 0
0.809297 0.410908 -5.62504
1.80549 0.72313 -6.7228
2.14138 0.679035 -4.42524
0.313585 0.670731 -6.16522
1.04893 0.678239 -8.99523
2.16721 0.852504 -7.58877
2.2034 1.12338 -6.25671
0.312693 2.32742 -6.17126
1.04825 2.32077 -9.00113
2.17073 2.14581 -7.57443
2.19941 1.88118 -6.22241
0 3 0
0.807069 2.58042 -5.6651
1.80763 2.26858 -6.7725
2.14229 2.31399 -4.47044
## (position) Systeme au temps : 1.96
0 0 0
0.804802 0.416286 -5.64928
1.80029 0.727107 -6.79142
2.13676 0.680824 -4.58672
0.319953 0.673052 -6.18123
1.04929 0.676098 -9.02018
2.16039 0.857844 -7.64246
2.19862 1.12608 -6.33264
0.319078 2.32517 -6.18721
1.04869 2.32273 -9.02633
2.1639 2.14053 -7.62771
2.19457 1.87852 -6.29822
0 3 0
0.802592 2.57519 -5.68957
1.80241 2.26462 -6.84123
2.13766 2.31221 -4.63208
## (position) Systeme au temps : 1.97
0 0 0
0.800302 0.421595 -5.67365
1.79507 0.730999 -6.8598
2.13213 0.682666 -4.75121
0.326326 0.675379 -6.197
1.0496 0.674151 -9.04431
2.1535 0.863227 -7.69672
2.19388 1.12861 -6.40872
0.325469 2.32291 -6.20293
1.04908 2.3245 -9.05072
2.15698 2.13522 -7.68156
2.18977 1.87605 -6.37415
0 3 0
0.798113 2.57002 -5.71416
1.79717 2.26075 -6.90971
2.13303 2.31037 -4.79675
## (position) Systeme au temps : 1.98
0 0 0
0.795804 0.426835 -5.69816
1.78984 0.734805 -6.92794
2.12749 0.684556 -4.91781
0.332702 0.677711 -6.21254
1.04985 0.672399 -9.06765
2.14654 0.868646 -7.75154
2.18917 1.13095 -6.48497
0.331865 2.32065 -6.2184
1.04941 2.32607 -9.07431
2.14999 2.12986 -7.73598
2.18501 1.87376 -6.45022
0 3 0
0.793637 2.56493 -5.73886
1.79191 2.25697 -6.97795
2.12839 2.30849 -4.96351
## (position) Systeme au temps : 1.99
0 0 0
0.791314 0.432003 -5.7228
1.78458 0.738523 -6.99589
2.12285 0.686489 -5.08556
0.339079 0.680042 -6.22783
1.05003 0.670846 -9.09021
2.13952 0.874099 -7.80692
2.18449 1.13312 -6.56141
0.338262 2.31838 -6.23364
1.04969 2.32744 -9.09711
2.14294 2.12448 -7.79097
2.18028 1.87164 -6.52644
0 3 0
0.789171 2.55992 -5.76369
1.78662 2.25327 -7.04599
2.12375 2.30656 -5.13142
## (position) Systeme au temps : 2
0 0 0
0.786837 0.437098 -5.74758
1.77928 0.742154 -7.06364
2.11821 0.68846 -5.2535
0.345453 0.682372 -6.24289
1.05016 0.669492 -9.112
2.13244 0.879579 -7.86285
2.17985 1.13513 -6.63806
0.344657 2.31612 -6.24864
1.04991 2.32861 -9.11914
2.13583 2.11907 -7.84653
2.17558 1.86969 -6.60283
0 3 0
0.784721 2.55498 -5.78864
1.78129 2.24966 -7.11382
2.1191 2.3046 -5.29953
