0 0 1
0.01 0 1.01951
0.02 0 1.03804
0.03 0 1.05559
0.04 0 1.07215
0.05 0 1.08774
0.06 0 1.10234
0.07 0 1.11597
0.08 0 1.12861
0.09 0 1.14027
0.1 0 1.15095
0.11 0 1.16065
0.12 0 1.16937
0.13 0 1.17711
0.14 0 1.18386
0.15 0 1.18964
0.16 0 1.19443
0.17 0 1.19825
0.18 0 1.20108
0.19 0 1.20293
0.2 0 1.2038
0.21 0 1.20369
0.22 0 1.2026
0.23 0 1.20053
0.24 0 1.19747
0.25 0 1.19344
0.26 0 1.18842
0.27 0 1.18243
0.28 0 1.17545
0.29 0 1.16749
0.3 0 1.15855
0.31 0 1.14863
0.32 0 1.13773
0.33 0 1.12585
0.34 0 1.11298
0.35 0 1.09914
0.36 0 1.08431
0.37 0 1.06851
0.38 0 1.05172
0.39 0 1.03395
0.4 0 1.0152
0.41 0 0.995469
0.42 0 0.974758
0.43 0 0.953065
0.44 0 0.930392
0.45 0 0.906737
0.46 0 0.882102
0.47 0 0.856486
0.48 0 0.829888
0.49 0 0.80231
0.5 0 0.77375
0.51 0 0.744209
0.52 0 0.713688
0.53 0 0.682185
0.54 0 0.649702
0.55 0 0.616237
0.56 0 0.581792
0.57 0 0.546366
0.58 0 0.509958
0.59 0 0.472569
0.6 0 0.4342
0.61 0 0.394849
0.62 0 0.354518
0.63 0 0.313205
0.64 0 0.270912
0.65 0 0.227637
0.66 0 0.183382
0.67 0 0.138145
0.68 0 0.091928